306
462
320
95
330
463
319
569
576
571
189
349
324
318
531
532
608
508
518
608
622
646
498
451
440
508
622
626
623
625
453
486
32
626
633
634
626
453
5425
5426
431
508
507
315
500
2413
2413
2423
2205
651
182
70
652
598
600
2190
600
598
2192
2410
5014
5045
2193
2147
280
281
2147
2172
650
2399
2172
2149
256
2149
604
5021
2199
2201
5032
2398
2399
2413
2412
2396
2409
2409
650
2403
2409
2419
2419
2418
2421
2421
2419
2397
2408
316
2403
2403
2404
2405
5044
2191
338
656
4143
656
656
4147
669
670
678
678
668
644
4153
4138
4139
4144
676
668
514
672
4157
4146
4134
4150
680
664
674
4158
475
491
206
207
570
652
652
532
606
606
2188
605
606
602
601
602
530
407
2183
2181
560
609
532
6556
6554
584
224
208
210
222
228
475
206
226
221
235
234
223
234
225
2078
4210
610
2076
238
227
385
376
6567
386
465
465
397
166
197
400
329
655
6550
6552
6554
6556
6559
6561
6566
6564
6568
4212
4211
2079
573
166
274
536
2075
2073
272
271
561
562
612
611
5039
5038
2179
2181
2065
1459
399
4217
1457
612
574
620
469
646
682
4160
4159
674
5433
5443
494
492
347
515
506
431
4155
6548
6546
430
431
654
6552
541
5419
5431
5432
464
465
5430
553
467
564
512
5447
5448
6558
575
677
528
334
572
654
653
602
377
376
375
379
6568
554
2422
2394
2209
2420
5020
5015
2421
5041
2189
615
2183
2173
2173
648
638
322
2415
5031
5033
2203
2186
2185
2072
2074
2077
612
619
7502
12316
5427
620
2187
5040
618
2185
636
5047
5046
488
637
2213
2211
490
638
521
490
524
648
2213
638
2212
522
2173
5424
12311
12314
12313
7412
5043
5037
12335
12322
2172
494
667
641
518
675
676
680
5444
679
663
586
498
664
6546
6548
645
646
666
666
668
6550
678
4217
4211
2069
757
6618
6620
2126
2127
2138
2139
2141
2137
701
2141
6563
6562
729
6557
865
731
6560
757
759
6618
12317
7442
547
550
579
4215
552
5430
584
865
548
550
580
4217
552
684
588
2071
758
2069
2071
654
863
5423
7322
12312
12331
12319
7430
7441
12320
5415
5450
2423
5029
5030
2423
680
5428
5422
5454
1034
1353
5028
2209
636
2202
2210
2213
5452
5435
682
4161
640
635
13100
2178
1465
5437
5440
12308
7572
7476
865
873
6607
765
5441
2065
5453
4155
4152
4156
12318
2198
2200
12309
5446
6212
12315
6600
6588
6612
6613
6578
6587
832
697
765
6608
2056
2057
725
2141
2057
724
727
723
2059
769
863
6626
2059
770
860
780
861
781
859
777
783
775
853
2058
2129
2057
6615
6616
6594
6604
752
741
875
6625
746
748
876
805
6627
2093
2092
2095
2095
864
2135
2132
6624
6622
2070
6622
2131
2143
6620
2143
871
6623
871
6628
2071
6624
6628
870
797
869
800
804
6628
2094
6606
2095
2060
2061
6575
6606
861
2061
2061
827
861
825
2123
851
827
2059
824
849
2096
2087
6570
6570
855
6572
6572
6571
6572
6600
5060
1481
5063
5461
2098
849
853
6576
6576
2122
2099
6581
6583
6586
4530
4535
1785
1451
1587
1587
2351
6485
6478
1585
6797
6798
6644
6644
6779
6520
6458
6645
6804
6647
6707
6802
6462
4525
4535
6486
4349
5000
5002
1582
6729
6828
6828
6167
2029
4549
4555
1595
6820
6818
6798
6800
2001
4221
4243
2007
5377
1625
1011
5378
2297
2321
4842
4840
4337
6648
6805
6808
4717
6747
6745
4715
4714
4716
6808
6806
6818
6820
6482
6646
6106
6153
6153
6107
6469
6676
6642
6642
6104
6105
6083
6055
6629
6630
6777
6780
6646
1591
6670
2302
2347
6669
1049
1113
6056
6057
2365
2363
2305
2280
4355
6481
6457
4353
6657
6646
6658
4361
6482
1433
6656
1584
1586
4359
5056
1587
5079
4532
1588
6670
4339
6127
6789
6790
6740
6740
6486
6462
6318
6317
6279
6692
2367
4601
4599
2369
1390
5373
4613
4723
4720
1397
6855
4736
4963
6856
6342
6344
6343
4735
6342
4959
4719
6749
4687
6664
6672
4685
4522
4866
4868
4751
4750
4709
4745
4982
4981
6862
6865
6663
6653
4605
2287
6736
6664
4689
6735
4722
6753
6751
4721
6848
6851
4978
4975
6035
5012
5008
6035
6325
4779
4835
6359
5013
4271
4279
5013
6693
6514
6694
2285
2370
4265
4264
2000
4225
4234
4271
4265
4235
4553
4615
4625
5383
5374
1391
1389
4624
1389
2235
4869
4871
2235
5095
1607
1623
5089
4875
2120
2118
4873
5392
5394
2115
1441
2113
1784
2111
1606
5288
2235
2119
2121
6041
12928
12342
4635
4647
6364
6250
5129
6364
5113
5131
5128
2125
6884
6883
5408
5140
4647
4641
4643
6134
6112
1120
1725
1383
6226
6250
6250
6471
6507
6091
6839
6863
4645
6463
6474
6487
6881
6882
6136
2163
6139
6137
5328
5329
6135
6113
6110
6111
6085
6061
6246
6277
1753
6524
6532
6204
5130
6531
6402
6336
6336
6376
6375
6332
6254
6254
4615
6215
4962
6225
6226
5203
5329
6382
1383
5198
6113
5199
6145
6092
1615
5179
5182
1797
6484
5284
6081
6075
6479
2081
6055
6480
6472
4317
5365
6494
6468
6496
6495
6506
6505
6482
6781
6782
6137
1776
5202
6380
1777
5393
6126
6142
6681
6826
6520
6519
1724
6144
6093
6095
6114
6263
6377
5180
5179
6378
6282
1271
5181
6145
6146
5175
6145
6147
6382
6261
6262
5187
6379
5203
5205
6265
6381
5199
5201
5199
5201
1642
6147
6147
6128
1645
5200
1645
5201
6268
5196
6268
6384
6384
6228
1651
5204
6284
5186
5205
1651
6292
6287
1653
1655
1655
1653
6229
6230
6232
6234
6234
6232
1184
1305
1473
1303
6121
6121
1274
6289
6290
1310
1638
6069
6069
6079
6119
1695
1697
6267
6283
1699
1701
6285
6125
6125
6129
6129
1695
1696
6232
6242
6242
1698
6288
1699
1700
6286
6123
6122
6125
6124
6123
6159
1213
1657
6236
1303
1305
6157
6157
6293
5241
1311
6294
6392
6292
1657
1659
5251
5250
6244
5246
6244
6236
5247
5245
5247
6156
5273
5272
5267
5267
5257
5241
5255
6391
5229
6269
6243
5247
5268
5217
6387
6388
5254
5223
5231
6295
5281
6271
6270
5229
5244
5215
5229
5232
5245
5221
6396
1284
5269
6395
5274
5275
5283
5230
1679
5279
6272
5281
5259
1679
5281
5258
5736
5735
5730
5726
6417
6302
5262
5728
6393
6237
5728
1683
6407
6408
6394
5724
5724
6199
1779
6273
6274
5185
5183
1521
5185
1701
1527
1701
1528
1530
5241
5253
5252
5235
5269
5218
5271
5271
5732
6192
6193
6197
6197
1415
1717
6278
6246
6119
6268
1699
6241
1639
6079
6077
6076
5245
5253
5253
6049
6390
6390
5255
5255
6389
5184
6077
6077
6095
5384
5374
6678
6677
6682
6682
4710
1583
4711
4347
6728
2303
5081
6887
6506
6508
6086
6488
6484
6874
13134
13134
8303
6330
6332
6304
6344
4740
6500
6500
6512
6040
6036
1783
5305
5301
1615
6196
6452
6255
6191
6135
6220
1979
4235
4251
4251
4659
6223
4534
6700
6694
6666
6697
6308
6790
6732
6732
5138
6534
5381
5382
6327
6328
6339
6340
5053
4354
6711
6709
4655
4280
4281
4655
6249
6190
4323
5369
5360
4321
1595
4555
4718
2366
2287
2287
1797
5285
6483
1781
8391
2111
2113
4271
2283
6671
2278
2305
6683
6664
2286
6803
6801
6814
6816
6816
6814
6492
6632
4535
4531
4533
5079
4877
4874
4744
6038
12927
11765
2175
2175
5061
1935
4227
2234
2114
1897
4245
6702
6701
6660
2176
2177
6191
6175
5378
6152
13773
13763
6876
6886
11969
13776
5442
6480
5372
6878
6877
6849
6850
6521
6880
1737
4261
2299
2311
6528
6528
6670
6728
5081
4352
6713
6515
6715
12346
5457
4832
4833
4791
4773
6262
6274
5329
6198
8638
8575
6093
6061
6093
6065
6159
6158
5220
5273
5273
5732
5270
1982
4247
4247
4245
4254
4233
4249
4255
4230
4235
1978
4250
4251
4253
4253
4246
4252
4253
4247
2007
4243
4249
4249
4260
2318
2303
6034
2359
2349
4273
4276
4277
4273
4274
4275
4279
4241
4281
4281
2310
1791
6668
6684
4683
6678
6778
6743
4713
6674
6678
6828
5059
4275
4273
4594
4259
2371
4597
6758
6756
6340
6340
6358
6319
4580
4765
4581
2319
1744
4583
5295
5307
6090
6143
6087
6397
5303
6380
6173
6378
6380
5205
5203
5195
6383
6382
6384
6129
5224
6385
5276
6386
6390
6386
5280
5277
6394
6386
6394
6452
9013
6211
6211
6170
6209
5376
6101
6166
5367
6141
6169
4315
5363
5370
4322
5374
5378
6404
6330
4619
6404
6522
6398
6059
6193
6210
5013
6792
6692
4277
4653
4262
2299
2356
2357
6108
6149
6149
6199
13064
6171
6284
6378
6286
6288
6290
6291
6294
6392
6297
6392
6298
6388
6396
6388
6396
6418
5463
6176
6490
6727
2304
2301
9013
12001
4588
4587
5009
6032
6035
4405
4429
4451
4451
4444
4445
4415
4447
4437
4437
4460
4445
4455
4461
4457
4425
4423
4442
4387
4940
4933
4388
4379
4405
4419
4419
4398
4383
4385
4399
4377
4379
4433
4421
4403
4436
4478
4457
4443
4479
4464
4455
4465
4471
4449
4451
4474
4367
4415
4403
2451
4410
4411
4438
4417
4419
4450
4370
4417
4413
4413
4389
4387
4394
4389
4391
4422
4931
4382
4380
4921
4365
2023
4938
4939
4947
4893
4372
4373
4393
2457
4935
2457
4369
2047
4902
4903
4909
2051
4885
4905
2019
4884
1929
4891
4907
4907
2433
4934
4880
4933
4941
4904
4926
4927
4931
4901
4891
4931
4929
4929
4942
4943
4945
4945
4937
4935
4918
4941
4941
4939
4903
1995
2379
4897
1995
2051
2019
1963
2018
2019
1999
2001
1934
1897
4906
2020
4909
4936
4417
4449
4453
4409
4453
4453
4421
4445
4428
4930
4383
4912
4913
4893
2432
4946
4376
4374
4922
4911
4913
4923
1999
4901
1937
2021
4894
4887
4895
2391
4886
2001
4888
2379
2391
4889
4443
4423
4932
4389
4937
4456
4457
4366
4425
4406
4948
4949
4925
2050
4885
4943
4248
4914
4907
4939
4475
4411
4384
4386
4903
4911
4949
4905
4900
4446
4927
4377
6248
13192
12931
4712
6730
6730
6728
4681
6033
6033
6741
2129
4213
6568
6842
13737
13728
6616
6606
6576
6614
6614
6565
4214
4216
2140
5357
5358
6869
6870
13747
13758
6860
5410
5409
5390
5390
5353
5392
5388
5342
5394
5395
5396
5398
6155
6138
6154
6103
6102
6530
6529
5406
12293
13770
6492
4867
6461
4865
6790
6342
4734
6662
4747
4749
6510
6509
6511
6769
6700
6734
6770
6649
6690
6772
6650
4844
2321
4577
4846
6794
4729
4797
6759
6764
6795
6763
6691
4667
4838
4836
2359
2337
6316
6318
6318
6770
4576
6322
6362
4848
6322
4768
4950
6362
4775
4669
2320
4859
6700
6698
4857
5011
2363
2365
4603
2368
2358
2359
6704
4855
2321
4579
6326
6316
2337
6214
6310
6685
6321
4578
6361
6690
6794
6362
4807
4771
6771
4952
4777
6703
6706
6706
6708
6708
4852
6702
4949
6313
6360
4767
4590
6831
5416
5436
5438
4947
4947
4375
4377
4418
4381
4383
4387
4393
4492
4493
4515
4515
4490
4495
2792
4513
4512
4513
4513
4511
4511
4463
4467
4507
4511
4520
4521
4519
2905
4504
4505
4519
4519
4502
4517
4517
4485
4473
4473
4496
4495
4485
4477
4447
4467
4465
4497
4477
4489
4521
4514
4515
4517
4469
4489
4475
4471
4505
4487
4508
4491
4475
4500
4489
4483
4518
4452
4487
4483
4503
4470
4036
2580
4069
4071
2764
4119
4117
2601
4123
4122
4123
4047
4051
4046
2887
4053
2738
2730
3356
3358
2704
2707
3358
3356
2912
4037
4073
4075
3829
4049
4053
4055
4033
2804
2607
2608
4087
4089
2964
2964
4086
2575
4088
4063
2955
2955
2839
2854
2956
2957
2895
2595
4107
4105
4102
4105
2931
2857
2856
2893
4043
4045
2810
2811
4045
4043
2947
2830
4041
2655
4010
4027
4026
3986
3976
2861
3373
3975
2843
4106
2864
3979
2858
2673
4105
4109
2931
2740
4060
2901
4090
4091
2753
2924
4040
2913
4012
4030
4032
4012
3998
3987
3996
4000
3828
4057
2954
2955
2959
4077
4075
2939
2934
4071
4069
4085
2936
2937
2613
2615
2959
2841
2780
2903
2961
2907
4108
2843
2792
2840
2964
2791
4119
4121
4064
3834
4047
2814
2881
4094
4083
2925
2857
3112
3118
2932
3113
3114
3110
2919
4015
3983
3352
2886
2929
2947
3986
2947
2925
2835
2917
2925
4011
4099
2838
2893
2905
2961
2683
2943
2897
4014
3576
3582
3816
3101
2949
2957
3109
2810
3110
3106
2812
3117
3118
2877
3114
3116
3116
2715
2698
4100
4014
4014
2865
4098
3350
3352
3107
4031
3105
4114
4093
3972
4115
3110
3106
4016
4007
3974
3984
4103
3980
4022
4104
2718
2715
3978
3970
3971
3972
4113
4111
3116
2944
2907
4110
2867
4112
2883
3972
2882
3970
3354
2977
2980
2949
2945
2945
2945
2943
3135
2883
4056
4055
2901
4092
2762
4093
2789
4058
3046
3045
4115
2891
4121
4079
4081
4083
4095
2891
4510
4507
4516
3042
3585
3345
4117
3834
3836
4061
4063
3836
4079
4081
4103
4097
3118
3112
2887
3115
3114
3349
4073
4085
4065
4123
2946
3339
3352
3976
2974
2972
3111
4024
3346
3978
4022
4115
2957
3044
2975
2970
4096
4077
4521
4059
3832
3976
3980
3580
3579
4013
3586
3011
3012
3006
3028
3054
3057
3058
3056
3059
3036
3010
2996
3002
3008
3014
3094
2996
3001
3098
3097
3034
3032
3012
3030
3096
3098
3094
3028
3025
3017
3092
3026
3023
3092
3084
3086
3053
3054
3090
3091
3038
3082
3069
3081
3098
3096
3054
3052
3066
3084
3066
3062
3070
3068
3076
3088
3088
3077
3082
3092
3090
3088
3166
3169
3197
3198
3190
3172
3171
3186
3190
3156
3172
3344
3350
3191
3346
3342
3165
3186
3333
3196
3198
3341
3342
3338
3350
3182
3346
3348
3348
3337
3342
3338
3348
3193
3209
3212
3196
3194
3194
3194
3280
3279
3276
3347
3206
3204
3198
3278
3207
3202
3241
3242
3234
3258
3288
3291
3292
3290
3294
3268
3243
3328
3226
3238
3230
3236
3226
3240
3330
3329
3266
3264
3261
3328
3242
3258
3256
3247
3326
3256
3254
3326
3318
3320
3288
3287
3324
3325
3313
3330
3270
3316
3304
3315
3330
3316
3288
3286
3300
3318
3300
3296
3304
3302
3310
3322
3322
3311
3316
3326
3324
3322
3402
3405
3433
3434
3426
3408
3407
3422
3426
3392
3408
3580
3586
3427
3402
3422
3569
3432
3434
3578
3982
3574
3586
3418
3582
3584
3584
3573
3578
3574
3583
3429
3445
3448
3432
3430
3430
3430
3516
3515
3512
3584
3973
3442
3440
3434
3514
3443
3438
3477
3478
3470
3494
3524
3527
3528
3526
3529
3504
3480
3564
3462
3474
3466
3472
3462
3475
3566
3565
3502
3500
3497
3564
3478
3494
3491
3484
3562
3492
3490
3562
3554
3556
3523
3524
3560
3561
3549
3566
3506
3552
3540
3551
3566
3552
3524
3522
3536
3554
3536
3532
3540
3538
3546
3558
3558
3547
3552
3562
3560
3558
3982
3634
3637
3666
3665
3658
3640
3639
3654
3658
3624
3640
3812
3816
3659
4021
3807
3809
3992
3633
3654
3802
3664
3666
3810
4017
3810
3806
4018
3816
3649
4020
4020
3814
3805
3810
3806
3814
3661
3677
3680
3664
3662
3662
3662
3748
3748
3744
3813
3674
3672
3666
3746
3675
3670
3709
3710
3702
3726
3756
3760
3759
3758
3762
3736
3711
3796
3694
3706
3698
3703
3694
3707
3798
3797
3734
3732
3729
3796
3710
3726
3723
3716
3794
3724
3722
3794
3786
3788
3755
3756
3792
3793
3781
3798
3738
3784
3772
3783
3798
3784
3756
3754
3768
3785
3768
3764
3772
3770
3778
3790
3790
3779
3784
3794
3792
3790
4022
3847
3850
3922
3922
3918
3844
3842
3919
3845
3840
3879
3880
3872
3896
3930
3934
3933
3932
3936
3906
3882
3866
3862
3876
3868
3874
3914
3877
3913
3902
3916
3900
3916
3899
3880
3896
3893
3886
3968
3894
3892
3968
3960
3962
3929
3930
3966
3967
3955
3908
3915
3958
3946
3957
3916
3958
3930
3928
3942
3959
3942
3938
3946
3944
3952
3964
3964
3953
3958
3968
3966
3964
3994
4018
4005
4003
4012
4028
4025
4024
4029
4197
4201
4205
4204
4170
4172
4179
4174
4163
4182
4163
4180
4183
6544
4208
6544
4181
4202
4203
4178
4206
4193
4190
4193
4189
4187
6538
4191
4207
4186
4188
6535
6536
5075
6845
6538
6540
6539
6542
6542
4272
4275
4277
4653
6528
5359
4619
5361
6276
6169
6140
6164
6101
6153
6376
6404
6403
6376
5467
6847
4549
4554
4553
4617
6332
4617
6827
6506
6826
6888
4980
6331
4555
6783
6784
6712
6656
6714
6716
6800
6810
6822
6722
6810
6724
6726
6742
6667
6726
6724
6721
6858
5076
5466
4423
4494
6512
6476
13388
12926
6514
6510
6510
6512
6826
6344
6503
6504
6502
6514
6770
6794
6793
6733
4861
6323
6356
6355
6352
6351
6350
6345
6346
6315
6316
6280
6792
6258
6755
6253
6406
6402
6401
6405
6837
5149
5342
5354
5354
5347
5350
6525
6099
6871
5352
6150
6526
6098
6151
6402
5358
6222
4985
4795
4825
4824
6761
6760
4825
6767
6766
6764
6768
6738
4803
4805
4827
4808
4951
6766
6762
4963
4989
6744
6746
6748
6750
6752
6754
6756
6791
6796
6796
6796
6760
6768
6768
4959
6762
4960
6341
4825
4961
4870
4873
6347
6348
6360
6360
6350
4787
6352
6348
6354
6354
6356
6353
6358
6358
6322
6320
6357
4829
4831
4835
4831
4830
4828
4985
4819
6737
4813
4811
4826
4953
6772
6772
4963
6868
4854
4856
4858
4860
12925
4937
13749
13754
13736
13740
5153
6838
6836
13757
13726
13723
12356
6861
6867
13755
11877
13743
6823
6824
6716
6518
6811
6812
6824
6824
6812
6812
6780
6780
6520
6778
6778
5445
5449
6832
6829
11931
11924
12304
12337
12339
12324
12326
12328
12330
12333
11951
12350
5462
5459
6857
6843
6844
6846
5466
12329
13720
12303
12323
12325
11963
13734
6853
13745
11965
12353
11969
6201
6218
6365
6200
6178
5309
5099
6366
6202
6363
5126
5311
5115
6181
6201
6368
6367
5414
5413
6859
5388
6406
13420
6449
6203
6450
5141
6372
6399
5312
6372
6371
6373
6374
6406
6400
6182
5317
5319
12207
13421
6374
6333
6334
6221
6117
6199
6195
6174
6191
6201
6451
6197
6175
6209
6452
6180
6450
6450
6205
6207
13094
6524
5331
6522
13767
12219
6873
13762
13761
6526
6103
6872
6530
6151
6530
6155
6155
13772
13748
13759
12338
12334
12336
12341
12332
13718
13100
12349
12348
12352
12354
13065
13736
5726
6410
6409
5502
5727
6418
5728
6416
6415
5504
6416
5720
6408
5724
5500
5757
5758
5758
5732
5737
5716
6413
6414
6418
6020
6022
6016
6447
6420
6016
5746
6420
6416
6029
6031
6022
6448
5687
5602
5684
5683
5671
5569
5667
5668
5680
5586
5676
5675
5703
5634
5700
5700
5695
5618
5692
5692
5674
5648
5668
5570
5668
5670
5670
5566
5650
5672
5673
5672
5677
5678
5578
5676
5654
5680
5682
5682
5586
5680
5652
5676
5690
5656
5684
5601
5684
5686
5686
5598
5658
5688
5689
5688
5693
5694
5609
5691
5662
5696
5696
5698
5698
5618
5660
5692
5702
5625
5699
5702
5666
5704
5704
5706
5706
5634
5664
5700
6009
6011
5639
6012
5672
5989
5988
5682
5642
5991
5686
5679
6007
6006
5638
5688
5993
5698
5646
5995
5705
5696
6004
5644
5997
6000
5704
6002
5741
5733
5736
5742
5758
5751
5754
6031
6029
6435
6436
6419
6016
6021
5894
5892
6030
6012
6010
5829
5831
6008
5789
6005
5791
6003
5793
6001
5795
5999
5866
6012
5845
5987
5911
5990
5913
5920
5998
5992
5915
5994
5917
5996
5919
5840
5837
5836
5834
5799
5868
6025
5808
5870
5872
5810
6424
5812
5873
6422
6027
6026
6436
6429
5822
6424
6430
5879
5824
5828
5881
5908
6436
5905
5904
6428
6434
5884
5841
5847
6024
5891
5893
5864
5849
5863
5887
5930
5940
5941
5861
5888
6425
6431
6432
6428
5900
6434
5897
5895
5922
5932
5950
5952
5962
6438
6437
5966
5967
5970
6440
5959
6439
6022
6020
6448
6015
6448
5930
5928
5926
5924
5934
5936
5938
5940
5949
5947
5946
5943
5960
5958
5955
5954
5974
6446
6446
6441
6444
5983
6443
5982
5982
6442
5981
6446
6445
6444
5982
5984
6031
12929
13388
6159
6050
6157
6208
6527
6468
6493
6211
6825
13419
13744
6822
13771
6610
6610
6598
6592
6603
6605
6598
6616
6614
6612
13733
13732
13731
13742
13719
13738
13729
13725
13752
13766
13750
13746
13760
13756
13765
13769
13775
7193
6984
7208
7351
7218
7351
7458
7208
7464
7238
7078
7460
7211
7420
7420
7206
7495
7496
7405
7395
7510
7338
7386
7534
7329
7396
7513
7509
7512
7375
7340
7514
6920
7522
7522
7514
7514
7341
12314
12314
7319
7204
7396
7396
7387
9301
9093
9311
9300
7540
7540
6958
7070
7486
7488
9079
9081
7486
7487
9299
9081
11933
11903
9034
9035
7170
7168
9060
9060
9287
7537
9036
9037
7144
7492
11909
11920
9089
9087
9287
9301
9301
9287
9284
9297
9296
7538
9297
9291
9306
9307
9307
9307
9308
9309
9285
9297
7204
9291
9291
9293
9293
9079
11933
7544
7226
11031
11035
7543
7544
7558
7566
7565
7558
7556
11027
11041
7532
11027
7555
7564
11033
7402
11035
11045
7560
11022
7552
7568
11039
11046
7561
7363
7093
7380
7096
7458
7420
7539
7540
7493
7494
9077
7494
7490
7490
7494
7489
7295
7418
9071
7498
7447
9069
7419
13444
7472
13442
7112
7110
7098
7096
7116
7114
7094
7362
7110
7112
7122
7124
7114
7121
11099
8967
8965
7498
7126
7116
7272
7275
13455
7263
7352
7353
7285
7289
7086
7053
7218
13439
13437
7544
13443
13441
13447
13449
13454
13452
11101
13456
11099
7054
7462
8967
7162
7423
8963
7160
7160
8961
7450
7500
7500
7450
11927
9068
9067
11926
8952
8347
7287
11104
8345
7462
7500
7508
7357
7533
7570
7562
11047
11048
12322
7380
7382
12332
7236
7318
7394
7404
11043
13434
13436
7319
7319
7541
13440
7430
12308
12320
12320
7353
7442
12318
7353
7355
7400
7452
12336
12336
13446
7464
7222
7415
7566
7460
7542
7542
7490
7264
7265
7267
7264
13456
7442
9311
9097
9283
9309
9309
11903
11909
11929
9077
7504
9070
9061
7525
7536
9061
7210
9303
9091
11921
11919
9075
9073
8961
8963
8965
7499
7508
7508
12316
9075
9072
7505
11928
7524
7376
11934
11935
7526
9099
9101
7526
7378
7410
7412
7377
7535
9101
9101
7526
7410
9061
12312
11925
11931
9060
7382
7556
7530
7564
7564
7406
7568
7568
12332
7552
7552
7385
7473
13435
13433
7534
7553
7554
7534
7556
13438
7566
11098
11105
8957
13507
13505
7645
9015
9027
9027
9015
9029
9028
7589
9025
7616
13450
13452
13445
13448
7618
7752
7647
7644
13506
7438
7436
7468
11103
7439
12318
7471
7753
7436
7437
7468
11105
7440
7476
7571
8958
8959
8956
7647
7751
7542
12312
12338
12304
9311
9310
11919
11917
7567
12316
12310
12342
7923
8241
11917
9096
7524
9091
9100
9098
12340
12324
7570
11049
7524
7528
9067
8353
12328
12326
7753
7653
13496
7761
12330
8953
12342
11041
11042
11045
9087
9089
12334
13100
13488
13502
13499
13476
13466
7585
7721
13476
7652
13496
8945
8945
9029
7613
7613
8944
7611
7614
7657
8947
7750
13514
7659
8946
7668
7749
7669
7749
7665
7747
7663
7671
8947
7740
9016
8945
13504
13492
13482
13504
7763
7629
7641
13514
7636
7635
7764
7693
13516
8981
8980
8982
8983
7753
9021
9023
13512
13510
8959
13509
9018
9031
13508
9031
7759
13512
7758
13516
13515
13511
8959
7685
7759
7689
7756
7692
13516
8983
13494
8983
8949
13493
13464
8949
8949
8948
7748
7714
7749
7713
9011
8947
7715
7739
7713
7737
8975
8985
13457
13458
7743
13460
13460
13459
13460
13487
11949
12350
11951
8369
7736
8987
7741
13463
8987
9011
13464
13469
13471
13474
11419
8339
8673
11423
8474
13374
9239
8475
13366
8473
13686
13532
13531
13686
13668
13534
13346
13407
13692
13690
13596
13536
13350
13374
11423
11413
11236
8470
11891
11889
13618
13055
13716
13715
8917
8483
11443
11436
13708
13688
13685
13706
8889
8894
11131
11108
12266
12266
7899
8513
9185
11729
11731
9209
11224
13695
13694
13536
11605
11603
13634
13636
11603
11605
13696
13707
13705
13694
13534
13370
12995
12995
13040
13041
13358
13530
13529
13564
12993
12942
12971
12993
13518
13518
13666
8479
13534
13668
13558
13558
9235
9191
7936
8001
12945
12945
9252
9168
9192
9251
11243
11241
13345
13369
13546
13546
13533
11249
13370
8321
13543
8473
11945
11247
8475
11967
8475
11421
8476
13558
11226
13015
13678
13628
13627
13678
13349
13373
13206
13580
13167
13205
9255
9257
11487
11489
8279
12262
11501
8285
11609
11611
13744
13744
11851
11625
13230
11623
13232
13232
13230
11847
13638
11607
11575
11573
13560
13551
11411
11757
11755
11639
11633
11597
11639
11871
13754
13750
11869
13552
9175
11493
13541
13624
13623
11577
13552
11610
11609
13640
13641
13736
11863
11867
13740
12922
12923
11897
11900
13214
13248
11723
11667
11901
11901
11167
11159
13582
13582
13402
9173
11153
11153
9258
8888
11113
11123
11123
11153
11158
11503
11440
11513
8279
12262
12272
8276
11513
8277
9123
9122
11759
11757
11983
11977
8511
8495
11763
11760
9006
9008
12282
12280
9003
8329
8672
9001
8999
12176
8494
9123
9007
9009
12929
11535
11523
13251
13252
12017
13138
12001
9012
12016
12019
13772
12028
12296
13772
11529
11534
11530
13022
8613
8008
13001
8270
13138
13137
13114
13360
12979
13396
13728
13352
11533
13752
13362
13770
13770
13376
13025
13025
13027
9051
12217
12217
13001
13023
12999
12948
12972
12999
13134
13412
8641
13166
13420
13420
12018
13093
13224
13290
13223
13264
13264
13220
11502
13142
13141
11851
13104
13114
12217
12091
13114
13270
12086
8271
12087
13001
13033
12980
8502
8684
12071
12067
13372
12962
12969
12173
8969
13368
13360
13368
12943
11205
13355
13382
12254
13384
13384
13394
13370
13393
13670
13670
13025
8665
8665
13268
12091
12281
13015
13031
13570
13714
13408
13408
8612
13033
13003
12983
12981
13152
12066
12068
13266
13266
12069
8159
13170
13032
13035
13035
13033
12063
13269
13150
13150
12075
12092
12091
13268
13154
12088
12087
13270
12087
12089
8530
13016
13034
13035
8533
12089
12089
8532
13156
12085
13271
13155
13272
12093
8539
13116
13172
8538
12093
12075
13180
8542
8541
13176
8543
13118
13118
8540
13120
13120
13121
13122
8193
8073
8190
8361
13009
13009
8162
8199
13178
13178
8527
12966
12956
12957
8582
13007
13156
8585
13172
8586
8589
13174
13013
13017
13017
13012
8583
8585
13120
13129
13130
8587
8587
13176
13174
8589
13011
13013
13013
13010
13011
13046
8545
8100
13123
8193
8191
13045
13044
13181
13182
8199
12129
13280
8546
8544
13180
12138
12139
13131
12134
13124
13132
12135
12133
13045
12135
12161
12155
12154
12160
12129
12145
13280
12143
12117
12135
13132
13158
12157
13276
13276
12104
12143
13184
12119
12111
12169
12116
13158
13160
12133
12121
12117
12102
12133
12109
13284
13284
12157
8173
12163
12119
12171
12163
8566
12168
13160
12167
12147
12169
8567
12624
12624
12146
12613
12618
13306
12616
12151
13190
13282
8571
12615
13126
13296
13282
13296
12611
12612
13087
13162
13162
8667
12072
12071
8409
12073
8588
8589
8415
8417
8419
12129
12141
12123
12140
12157
12106
12158
12159
12619
13081
13085
13084
13081
8303
13133
13166
8605
13007
13156
13130
8587
8527
12965
12965
12967
12132
12141
12141
12937
13278
13278
12143
13277
12142
12073
12982
12964
12965
12261
12272
13566
13570
13569
13565
11599
8471
11234
11599
13616
9191
13394
13776
11969
13396
12975
13372
13376
13762
13218
13220
13231
13192
11629
13399
13387
13388
12929
12925
8670
12189
12192
8503
13144
13340
13085
13023
13079
13108
8867
11139
11138
11122
11547
13112
11423
13588
13586
13553
13581
13195
13620
13619
13677
13422
12027
12270
13216
13216
12270
13228
13228
11941
13598
13600
11243
11542
11543
11169
11169
13079
13138
11211
11209
12248
12258
8482
11442
11607
9175
9175
9254
8685
12173
13371
8668
9000
8998
9171
11159
13560
13572
9193
9167
9174
13552
13692
13703
13701
13690
13704
13520
13379
13702
11422
11419
11421
11967
11765
12927
11633
11763
9063
9063
11949
8823
11115
9123
9002
11133
8784
13590
13548
13589
9065
9065
13078
13063
13041
12266
13774
13764
12330
13368
13766
13766
12260
13738
13738
13410
13768
8625
9199
9187
11149
13415
13416
13557
13615
11968
11241
13602
13604
13404
12346
11721
11661
11679
11721
13162
13150
12216
13087
12981
12949
12981
12953
13047
13047
12108
12161
12161
12159
12620
8871
11133
11134
11135
11143
11143
11137
11121
11119
8866
11123
11139
11141
11141
11139
11135
11135
11141
11140
8895
11137
11136
11130
9207
11148
9191
9237
9247
12923
11161
11160
11165
11164
11163
11129
11167
11163
11169
11168
9199
8679
13556
11571
13572
13566
13666
11601
13632
13566
13562
13716
11947
11161
11162
11483
11485
9259
11147
13646
13228
13227
13644
13246
11653
11468
13207
11469
11471
8632
9207
12194
12183
13031
12979
12975
12191
13286
13267
13061
13268
13266
12093
13272
12083
12090
13272
13270
13017
12112
13274
13274
12164
13273
13278
12169
12165
13282
13274
13281
13339
13099
13098
13097
13059
12989
12264
13054
13056
13029
12256
11203
11211
12258
12252
12265
12262
13291
13292
11506
13217
13410
13286
12947
13081
13099
11901
13580
13680
11541
11165
11151
9187
9245
9245
12997
13036
13037
13087
13059
13265
13171
13174
13175
13178
13179
13182
13279
13186
13186
13280
13276
13275
13284
13283
13306
12352
13065
13378
13616
9193
9189
11476
11475
11897
12920
12923
11293
11339
11338
11316
11333
11333
11303
11325
11324
11334
11348
11349
11342
11332
11345
11331
11311
11313
11275
11277
11821
11829
11267
11307
11306
11292
11287
11287
11273
11270
11266
11264
11321
11325
11290
11309
11367
11367
11331
11344
11353
11353
11343
11359
11363
11339
11337
11255
9339
11291
11302
11299
11299
11327
11339
11307
11305
11259
11301
11300
11304
11274
11277
11283
11311
11278
11276
11819
11809
11269
11271
11253
8911
11827
11781
11835
11827
11261
9345
11281
11261
11823
8935
11257
9344
11791
8938
11797
11791
11773
11773
8906
11793
8817
11795
11794
11778
9321
11823
11769
11792
11829
11820
11815
11789
11819
11815
11779
11817
11816
11818
11831
11833
11833
11831
11822
11824
11807
11829
11828
11826
11791
11785
9266
8883
8882
8939
8851
8907
8907
8889
8887
8907
8823
8785
11795
8908
11825
11796
11305
11297
11341
11336
11341
11340
11333
11308
11317
11819
11271
11801
11780
11801
9321
11263
11265
11835
11811
11811
11800
11799
8887
11789
8824
11775
11783
8909
11783
9279
11775
8889
11777
11777
9278
9267
11331
11310
11821
11277
11825
11345
11345
11255
11312
11295
11837
11813
11837
8939
11773
11831
11137
11803
11827
11795
11363
11299
11273
11275
11837
11798
11790
11788
11793
11335
11815
11265
13136
11601
13618
13617
11569
13616
12921
12921
13630
9017
11101
13456
13730
13504
13494
13464
13501
13502
13453
11103
11105
9029
12246
13758
13758
12246
13748
12298
12278
12278
12297
12242
12276
12280
12282
12230
12284
12284
12286
13043
13027
12991
13043
13418
12991
12294
13418
13380
11755
11752
13350
13678
13550
11623
13229
11635
11637
13398
13400
13397
13658
13658
13622
13588
13538
13538
13660
13577
11733
11734
11465
9208
13681
11617
11685
13647
13652
13651
13683
13579
11554
9247
11725
11727
9225
13206
13206
13203
13658
11464
11737
13249
13210
13210
13250
11839
11656
11663
11557
9209
11747
11745
13586
13587
9250
11899
9253
11491
9256
9246
9247
11743
13592
9209
11467
9225
13204
13214
13102
13198
13574
11466
13209
13250
13250
13682
13578
11659
11695
13660
11841
11665
13592
13594
13594
13596
13595
11741
13590
11836
13202
11655
13248
11479
12304
13720
12326
12324
11834
11835
11263
11307
11265
11269
11271
11275
11280
11381
11403
11402
11381
11379
9680
11383
11401
11401
11401
11399
11398
11400
11351
11399
11394
11355
11409
9793
11407
11409
11393
11407
11406
11393
11391
11405
11404
11361
11360
11372
11385
11364
11373
11383
11335
11352
11354
11385
11365
11377
11408
11403
11357
11405
11403
11376
11358
11363
11393
11375
11397
11379
11362
11389
11407
11370
11377
11341
11371
11374
11391
11359
10925
10958
10956
9469
9651
9489
11005
11007
11011
11010
11011
10939
10934
10935
10941
9775
9626
10245
10243
9618
9593
10244
10246
9595
9801
10962
10960
10925
10717
10942
10940
10937
10921
9496
9495
9692
10975
9852
9852
10977
10974
10977
9462
10951
9842
9843
9726
9845
9845
9743
9783
10993
10995
9482
10990
10993
9819
9780
9744
9745
10932
10930
9698
10931
10933
9700
9835
9542
10929
9719
10898
10874
10914
10916
10864
10863
10262
9749
10995
9731
9753
9561
9746
10868
10993
10997
9819
9628
9789
10949
10979
10979
9642
9813
10928
9801
10899
10900
10920
10918
10886
10888
10884
10875
10716
10945
9843
9843
9846
10965
9822
9826
10963
10959
10973
10957
9824
9501
9825
9503
9847
9668
9729
9791
9849
9795
9731
10997
9680
9852
9728
9679
11006
10722
10953
11008
9769
9701
10935
10971
10983
9813
9745
9821
10005
9999
10002
9807
9998
10002
10871
10904
10240
9817
9775
9834
9835
10873
9813
9812
9805
9723
10987
10900
9781
9727
9792
9848
9571
9831
9785
10902
10704
10470
10464
9990
9998
9845
9837
9698
9700
9993
9997
10006
10006
9765
10004
10004
10001
9602
10989
9587
9753
10901
10902
10987
10238
9996
10240
10920
9994
11002
11003
10860
10981
9998
9994
10904
10872
10862
10895
10991
10910
10868
10992
9603
9607
10866
10858
10859
10860
11001
10999
10004
9833
10999
9794
9754
11001
10860
9771
10857
9770
10241
9865
9832
9836
9868
9833
9833
9830
10024
9771
10943
10945
10981
9788
9650
10981
9678
10947
9934
9934
11003
9779
11009
10968
10966
10983
10970
9778
11399
11395
11405
9929
10234
10474
11004
10721
10724
10724
10950
10949
10967
10969
10991
10985
10006
9774
10000
10003
10238
10002
10972
10961
11011
10953
9835
10228
10240
10864
9860
9862
10000
10912
10865
10234
10910
11003
9844
9932
9863
9857
10985
10964
11409
10947
10720
10864
10867
10902
10468
10468
10474
9900
9900
9894
9916
9942
9946
9946
9944
9948
9923
9898
9896
9890
9884
9981
9902
9889
9884
9922
9986
9986
9920
9900
9918
9982
9985
9984
9915
9913
9905
9980
9914
9912
9979
9971
9974
9942
9942
9978
9980
9926
9970
9957
9970
9984
9986
9941
9939
9953
9972
9954
9950
9958
9956
9964
9976
9976
9965
9970
9980
9976
9978
10053
10086
10086
10058
10078
10073
10059
10060
10078
10044
10060
10080
10237
10232
10230
10234
10074
10054
10222
10230
10086
10084
10225
10229
10238
10070
10236
10236
10233
10226
10230
10226
10236
10082
10097
10081
10083
10099
10082
10082
10168
10168
10163
10235
10091
10093
10085
10166
10095
10089
10130
10130
10122
10146
10176
10180
10180
10178
10182
10155
10132
10126
10114
10215
10124
10118
10128
10114
10154
10218
10218
10152
10216
10149
10130
10145
10144
10135
10214
10143
10142
10213
10205
10208
10175
10176
10212
10202
10214
10217
10157
10204
10192
10204
10203
10218
10176
10173
10187
10206
10188
10184
10191
10190
10198
10210
10210
10199
10204
10214
10210
10212
10290
10322
10322
10294
10314
10309
10295
10296
10314
10280
10296
10316
10473
10467
10310
10290
10458
10466
10322
10320
10461
10869
10474
10306
10472
10471
10469
10462
10466
10462
10472
10318
10333
10317
10319
10336
10318
10318
10404
10404
10399
10472
10862
10327
10329
10321
10402
10331
10325
10366
10366
10358
10382
10412
10416
10416
10414
10418
10391
10368
10362
10350
10451
10360
10353
10363
10350
10390
10454
10454
10388
10452
10385
10366
10381
10379
10372
10450
10380
10378
10449
10441
10444
10412
10412
10448
10438
10450
10453
10394
10440
10428
10440
10439
10454
10411
10409
10423
10442
10424
10420
10427
10426
10434
10446
10446
10435
10440
10450
10446
10447
10870
10521
10553
10554
10526
10546
10541
10527
10528
10546
10512
10528
10548
10703
10699
10909
10880
10697
10696
10542
10522
10690
10698
10554
10552
10906
10906
10693
10698
10704
10537
10702
10908
10907
10694
10698
10694
10702
10550
10565
10549
10552
10568
10550
10550
10636
10636
10631
10701
10559
10561
10554
10634
10563
10557
10598
10598
10590
10614
10644
10648
10647
10646
10650
10624
10600
10594
10582
10683
10592
10585
10595
10582
10621
10686
10686
10620
10684
10617
10598
10613
10611
10604
10682
10612
10610
10681
10674
10676
10644
10644
10680
10670
10682
10685
10626
10672
10660
10672
10671
10686
10643
10641
10655
10673
10656
10652
10659
10658
10666
10678
10678
10667
10672
10682
10678
10680
10910
10735
10737
10810
10810
10806
10729
10731
10807
10733
10727
10768
10768
10760
10784
10818
10822
10821
10820
10824
10794
10770
10764
10750
10754
10762
10756
10765
10802
10790
10802
10804
10788
10803
10787
10768
10783
10781
10774
10856
10782
10780
10855
10848
10850
10818
10818
10854
10844
10856
10796
10804
10846
10834
10846
10845
10804
10817
10815
10829
10847
10830
10826
10833
10832
10840
10852
10852
10841
10846
10856
10852
10854
10882
10906
10893
10891
10900
10916
10913
10912
10917
11089
11085
11092
11093
11061
11058
11063
11067
11070
11050
11051
11071
11068
11096
13432
13431
11069
11091
11090
11067
11081
11095
11081
11079
11075
11077
13425
11079
11095
11077
11075
13424
13424
11963
13734
13426
13428
13427
13429
13430
11163
11161
11165
11541
13416
12248
11507
12250
13164
13029
13057
12988
13053
13041
13263
13264
13292
13292
13735
12356
11437
11443
11441
11505
11504
13219
13716
13394
13714
13776
13220
11869
11443
13672
13544
13600
13672
13602
13604
13687
13698
13709
13610
13697
13611
13613
13556
13630
13614
13612
13609
11964
13746
12354
11311
11382
13364
13400
13398
13401
13398
13400
13714
13232
13392
13392
13390
13402
13657
13682
13682
13212
11749
13622
13244
13244
13240
13240
13238
13234
13234
13204
13204
13168
13680
13643
13146
13142
13294
13294
13290
13290
12037
13726
12242
12230
12235
12241
12237
12987
13414
12240
13760
13039
13414
13039
12987
13110
12246
13289
11873
11683
11712
11713
11713
13648
13650
13656
13656
13652
13654
13626
11691
11693
11715
11696
11839
13654
13649
11850
11877
13632
13634
13636
13638
13640
13642
13679
13644
13684
13684
13684
13648
13655
13656
13650
11847
11849
13230
11849
11713
11758
11761
13236
13248
13247
13236
13237
11674
13236
13240
13241
13242
13244
13242
13245
13246
13210
13208
13246
11717
11719
11723
11719
11719
11717
11873
11707
13626
11701
11699
11715
11841
13660
13659
11851
13756
11743
11745
11747
11749
11825
13724
13726
12041
13750
13756
13712
13406
13604
13712
13700
13712
13711
13700
13700
13699
13667
13668
13408
13665
13666
12334
12338
13720
13718
12348
12350
13746
13732
13732
13734
12354
13742
13089
13106
13089
13254
12197
13067
11987
13254
13252
13091
12014
12199
12003
13089
13069
13256
13256
12302
13748
12301
12276
13294
13338
13338
13091
12029
12200
13287
13259
13260
13260
13262
13262
13293
13288
12205
13071
12206
13262
13222
13222
13110
13005
13083
13086
13062
13079
13088
13085
13340
13063
13096
13340
13069
13338
13337
13093
13095
13412
13410
12218
13762
12990
13414
13418
13760
13039
13417
13042
13043
12614
12389
13298
13298
12616
13306
12616
12391
13304
13304
13303
12608
12387
12612
13296
12646
12646
12646
12620
12626
12604
13302
13305
13302
12908
12909
12904
13336
13308
12903
12633
13304
13307
12916
12918
12910
13336
12576
12571
12572
12490
12560
12556
12556
12458
12568
12564
12564
12474
12592
12588
12587
12521
12584
12580
12579
12505
12562
12458
12556
12536
12555
12453
12557
12558
12559
12537
12562
12560
12566
12564
12466
12566
12568
12542
12569
12567
12473
12570
12539
12563
12578
12490
12572
12543
12572
12485
12574
12573
12546
12575
12578
12576
12582
12580
12498
12582
12583
12549
12584
12506
12586
12585
12580
12548
12589
12590
12588
12514
12591
12553
12592
12522
12594
12594
12588
12552
12900
12898
12528
12900
12560
12878
12876
12570
12530
12574
12880
12568
12896
12894
12526
12576
12882
12586
12533
12593
12884
12584
12892
12531
12888
12886
12592
12890
12622
12630
12623
12645
12630
12640
12919
12642
13324
12917
13324
12904
13308
12782
12910
12780
12919
12900
12720
12718
12898
12678
12896
12680
12894
12682
12892
12684
12890
12754
12888
12899
12734
12876
12800
12878
12802
12808
12886
12880
12804
12882
12806
12884
12808
12728
12726
12724
12722
12688
12756
12913
12696
12758
12698
12760
13312
13310
12762
12700
12915
12915
13324
13318
13318
13311
12710
12712
12768
12716
12770
12795
13323
12794
12792
13322
13316
12772
12730
12736
12913
12780
12782
12752
12738
12776
12752
12817
12827
12830
12776
12750
13320
13314
13316
13320
12787
13321
12786
12784
12810
12820
12838
12840
12850
13326
12854
13326
12856
12858
13328
12848
13328
12910
12907
13335
12904
13336
12818
12816
12814
12812
12822
12824
12826
12828
12837
12836
12834
12832
12848
12846
12844
12842
12862
13334
13334
13330
13332
12872
13332
12869
12870
13330
13334
12870
13333
13332
12870
12872
12919
12938
13047
13045
13097
13416
13356
13382
13099
13713
13710
13497
13498
13486
13480
13492
13494
13485
13503
13502
13500
