74
75
76
77
78
79
80
81
82
83
84
85
86
87
88
89
90
91
92
102
103
104
108
111
112
114
118
123
124
127
140
143
144
145
146
147
148
149
154
172
173
198
199
205
246
304
583
584
585
586
587
588
589
639
640
641
642
643
644
645
646
647
648
649
650
651
652
653
654
655
656
661
662
663
666
667
668
669
672
673
674
675
676
694
699
700
701
702
703
704
705
706
707
708
709
711
712
713
729
738
744
745
746
747
748
749
750
751
813
858
859
1108
1109
1216
1217
1218
1219
1220
1221
1222
1223
1224
1225
1238
1239
1240
1243
1244
1245
1246
1247
1248
1251
1252
1253
1254
1255
1256
1259
1263
1269
1271
1285
1286
1309
1310
1759
1760
1761
1762
1763
1764
1765
1766
1767
1774
1777
1778
1781
1782
1783
1786
1787
1789
1790
1802
1803
1836
1837
1838
1839
1840
1841
1852
1853
1869
1870
1871
2288
2294
2305
2330
