26 27 142
29 105 28
142 27 28
142 25 26
38 39 129
164 134 163
135 164 23
126 35 36
44 45 116
191 21 22
36 37 125
19 238 239
210 211 255
40 120 39
30 2372 105
19 239 18
2372 113 106
105 29 30
111 104 154
353 18 239
34 35 122
589 91 586
81 82 83
585 587 112
288 192 286
75 103 199
294 269 17
93 94 204
10 533 229
277 11 12
587 145 112
15 267 14
49 169 736
87 118 2305
5 231 4
81 83 111
189 2 2405
1862 163 22
31 32 113
189 188 2
231 284 4
150 166 105
96 160 95
206 209 208
172 91 92
123 118 88
109 44 116
2305 108 86
111 154 114
84 104 83
79 80 114
117 174 113
584 127 588
75 76 103
91 172 586
235 161 190
155 120 40
125 37 38
582 128 153
118 123 124
43 44 109
124 123 127
121 109 128
123 89 127
45 46 110
58 220 219
110 100 116
46 139 110
177 178 99
151 33 34
585 78 583
47 101 46
117 33 151
196 50 51
33 117 32
242 55 300
119 155 41
42 121 119
221 218 220
122 175 151
53 194 240
110 116 45
240 2310 816
114 584 583
127 89 90
86 108 85
139 46 101
41 42 119
118 124 154
74 75 198
199 750 198
112 77 78
79 583 78
108 104 84
109 121 43
104 111 83
2305 86 87
118 87 88
81 111 80
117 113 32
123 88 89
108 84 85
114 583 79
119 121 128
126 122 35
588 586 587
66 67 230
121 42 43
114 154 124
30 31 2372
104 108 2305
118 154 2305
750 140 73
100 177 181
71 252 70
111 114 80
461 136 352
280 230 278
223 852 270
125 126 36
155 40 41
175 122 126
129 125 38
405 183 404
130 129 120
115 130 405
120 2306 130
115 212 2304
322 318 319
227 532 410
230 342 65
161 189 190
135 165 164
245 52 921
698 169 48
100 110 139
100 139 138
138 139 48
148 143 145
171 72 73
147 246 102
205 92 93
148 144 143
166 142 105
135 25 142
23 24 135
145 143 77
145 149 148
144 103 143
143 76 77
103 102 199
112 145 77
144 147 102
146 173 304
149 145 587
149 146 148
586 149 587
144 148 304
166 150 97
237 150 106
113 2372 31
460 2307 107
151 175 176
151 34 122
109 152 128
128 152 153
109 116 181
153 152 99
99 152 177
152 109 181
99 178 2309
589 127 90
2306 120 155
419 411 420
270 271 328
363 496 534
282 395 446
345 235 285
208 141 206
188 233 160
21 191 2303
164 163 1862
163 134 192
23 164 1862
166 165 135
346 165 97
134 164 165
165 166 97
142 166 135
350 238 351
416 415 411
261 215 216
215 261 2308
298 299 2373
301 433 2373
214 179 2309
2309 178 213
137 177 138
48 169 138
72 71 864
253 201 251
203 95 483
172 92 205
146 205 173
172 205 146
205 204 173
249 173 206
106 113 174
150 2372 106
151 174 117
176 254 174
175 210 176
311 310 210
169 137 138
178 177 137
256 261 216
178 137 213
2309 179 180
214 2309 213
49 213 137
185 2374 182
183 582 184
152 181 177
180 184 153
582 153 184
115 405 457
184 180 185
182 183 184
2308 261 314
184 185 182
314 2374 185
318 320 277
353 239 293
411 415 431
370 273 334
7 8 228
282 446 2377
435 591 434
533 11 277
278 67 68
281 342 230
308 307 302
342 281 374
133 233 235
483 95 160
1 2 2282
188 161 233
483 484 450
209 204 203
190 189 234
188 189 161
284 190 234
193 162 236
163 191 22
346 237 2379
238 20 351
293 239 350
265 57 218
197 51 52
921 2310 245
197 52 168
168 52 245
196 213 50
199 198 75
144 102 103
140 199 102
249 304 173
403 356 306
70 305 69
140 171 73
202 72 171
171 247 251
252 202 201
203 204 94
95 203 94
173 204 206
205 93 204
208 209 207
483 160 484
307 309 302
204 209 206
483 209 203
349 254 310
286 192 134
254 176 310
151 176 174
211 126 212
255 107 311
211 175 126
211 312 255
357 212 115
125 2304 126
312 211 212
50 213 49
214 213 196
214 196 215
215 197 168
297 259 258
258 259 257
216 215 168
217 168 245
217 194 258
257 464 256
168 217 2375
185 180 179
153 99 180
2309 180 99
100 138 177
116 100 181
185 179 2308
262 58 59
263 59 60
243 355 242
262 220 58
262 361 468
57 219 218
218 219 220
508 517 506
266 355 243
409 221 220
368 15 16
186 2311 267
271 955 62
273 62 63
329 272 328
224 333 61
263 361 262
592 226 6
592 6 225
7 225 6
226 337 283
282 231 232
6 226 274
228 8 187
187 8 227
187 276 228
228 225 7
229 9 1885
227 8 9
10 11 533
227 229 532
9 229 227
230 67 278
279 68 69
281 280 159
369 335 342
232 231 5
454 399 480
160 96 188
235 233 161
484 233 133
189 3 234
285 190 284
235 190 285
193 236 20
191 192 193
163 192 191
150 237 97
237 106 348
239 238 350
236 351 20
293 350 167
294 18 353
326 269 325
245 240 217
295 53 241
299 54 55
241 195 295
241 54 299
299 242 2373
57 265 56
221 244 266
196 51 197
240 245 2310
304 250 147
246 200 247
102 246 140
170 247 200
171 251 202
140 247 171
246 247 140
200 248 170
200 246 147
309 141 208
248 200 250
304 147 144
250 249 141
247 170 251
253 251 170
141 249 206
202 252 71
356 252 201
356 305 252
338 339 279
201 202 251
254 106 174
106 254 348
211 210 175
257 256 2375
2375 256 216
464 260 256
258 257 2375
464 257 359
297 258 194
260 98 314
179 214 2308
263 262 59
264 263 60
361 263 264
60 333 264
315 361 264
316 361 317
266 265 218
300 56 243
221 266 218
266 244 355
13 14 2311
319 186 323
368 267 15
268 222 16
268 17 269
16 222 368
222 268 269
271 270 955
223 270 328
273 271 62
330 332 377
329 328 271
329 331 272
334 63 64
64 65 335
369 336 370
275 226 283
226 275 274
5 275 232
337 226 592
276 434 228
227 410 187
499 187 410
410 470 499
568 131 2380
187 499 276
435 434 2318
277 531 533
279 278 68
305 279 69
338 279 305
339 280 278
371 340 159
230 65 66
335 65 342
373 281 159
281 373 374
283 282 232
283 343 282
231 282 2377
283 232 275
392 395 343
4 284 234
284 2377 285
446 344 399
134 165 346
346 97 237
134 346 286
288 347 287
347 286 2379
288 287 292
351 290 289
162 292 290
292 162 288
192 288 162
292 291 290
291 352 289
291 289 290
167 289 352
417 293 2313
269 294 325
194 53 295
298 296 195
354 474 512
297 194 295
298 433 296
299 298 195
242 299 55
265 243 56
242 300 243
425 354 296
309 208 303
450 485 453
208 207 303
250 141 248
250 304 249
252 305 70
201 253 306
308 403 306
307 306 253
306 307 308
302 309 303
447 302 303
403 308 481
248 309 307
309 248 141
170 248 307
310 176 210
311 107 578
310 311 563
255 311 210
512 259 354
256 260 261
2308 314 185
260 314 261
315 391 317
264 333 360
361 315 317
318 277 12
318 322 320
12 13 318
2311 318 13
267 2311 14
318 2311 319
366 545 323
502 321 364
321 320 322
364 321 322
321 157 365
323 322 319
324 323 186
186 267 367
2313 412 417
269 326 222
411 327 326
590 328 272
273 329 271
330 329 273
330 370 332
377 375 376
378 379 331
330 331 329
377 332 375
360 224 593
333 224 360
335 334 64
374 398 336
273 370 330
338 305 356
339 338 371
278 279 339
230 280 281
481 372 403
302 482 308
341 397 398
282 343 395
340 441 439
284 231 2377
401 2377 446
441 442 455
456 451 345
286 346 2379
402 348 349
348 254 349
563 349 310
289 167 350
290 351 236
350 351 289
519 520 575
414 352 136
414 167 352
353 293 417
294 353 325
195 297 295
297 296 354
242 355 2373
266 243 265
503 355 244
2373 355 301
306 356 201
338 356 403
400 449 447
481 442 372
357 312 212
98 260 462
255 312 406
466 464 465
465 359 530
259 359 257
360 388 315
264 360 315
316 409 468
384 385 382
388 391 315
323 364 322
366 430 545
368 367 267
327 368 222
367 324 186
367 327 419
368 327 367
326 327 222
424 418 2316
334 335 369
369 370 334
332 370 336
371 159 280
439 159 340
339 371 280
403 372 371
340 371 372
439 373 159
374 373 341
398 374 341
342 374 369
373 439 341
375 445 376
336 375 332
478 568 386
379 380 158
331 377 378
379 378 380
388 360 593
590 272 158
379 272 331
382 158 384
384 158 380
388 387 391
380 381 384
542 499 470
387 385 2314
394 393 438
593 158 382
378 383 2315
438 376 445
477 492 436
382 385 387
131 568 541
568 2380 386
437 386 383
2315 383 386
378 377 383
377 376 383
2380 2315 386
378 2315 380
2314 385 436
382 387 388
436 385 477
2314 391 387
317 391 390
2376 479 392
395 2312 344
2376 392 343
337 2376 283
394 445 396
393 437 438
2312 392 394
393 394 392
396 2312 394
344 2312 132
446 395 344
132 2312 396
398 396 445
396 398 397
443 444 132
447 303 448
345 285 401
2381 453 451
448 450 453
235 345 133
133 345 451
286 347 288
402 347 2379
348 2379 237
359 259 512
354 259 297
549 508 507
338 403 371
2306 405 130
358 407 457
182 404 183
183 405 2306
457 405 404
406 107 255
107 406 460
312 407 406
407 358 489
357 407 312
313 467 528
2374 490 488
464 359 465
363 534 156
363 156 316
537 409 156
468 409 220
156 409 316
321 365 320
320 365 531
531 277 320
470 410 469
323 324 366
167 414 2313
2313 414 413
412 2313 413
428 412 413
416 412 415
416 411 326
415 412 428
325 416 326
419 420 2382
411 419 327
367 419 324
420 424 421
427 426 431
433 301 504
476 2320 518
432 429 426
546 418 509
421 430 366
425 422 474
431 415 427
476 413 414
415 428 427
555 557 516
430 421 2316
548 473 430
565 538 566
355 503 301
507 506 505
513 474 517
518 413 476
426 418 424
510 554 509
431 426 424
558 432 423
429 418 426
433 425 296
425 433 511
374 336 369
375 336 398
479 478 437
479 437 393
2318 434 276
568 435 541
478 435 568
436 492 493
2314 436 389
438 437 383
376 438 383
394 438 445
443 439 441
442 441 340
456 399 454
340 372 442
441 440 443
308 482 481
455 442 486
443 440 444
440 452 454
132 397 443
341 443 397
454 444 440
132 444 480
398 445 375
401 446 399
448 303 207
400 486 449
448 207 450
400 447 448
447 449 482
450 207 483
450 484 485
452 2381 456
133 451 485
456 454 452
453 400 448
455 452 440
2381 452 486
485 451 453
400 453 2381
454 480 444
441 455 440
486 442 449
345 401 456
457 357 115
357 457 407
488 457 404
182 488 404
523 458 313
526 291 487
573 461 526
459 579 2307
581 576 577
291 461 352
98 408 490
462 260 464
408 98 462
408 463 490
457 488 358
458 489 313
408 466 467
462 464 466
466 465 529
462 466 408
408 467 463
262 468 220
316 468 361
469 365 2319
472 470 2319
531 365 469
469 2319 470
276 499 2318
477 131 498
472 542 470
471 492 498
544 493 494
472 471 542
501 430 473
502 545 501
156 534 536
474 422 517
524 528 525
425 474 354
461 573 559
136 476 414
559 2320 476
131 477 381
437 478 386
392 479 393
478 591 435
443 341 439
399 344 480
132 480 344
449 442 481
447 482 302
481 482 449
209 483 207
233 484 160
484 133 485
2381 486 400
455 486 452
2374 488 182
490 2374 98
292 487 291
347 402 562
287 487 292
576 526 487
358 488 490
467 313 463
523 528 524
406 407 489
463 489 358
490 463 358
529 465 491
530 512 513
557 525 529
469 532 531
531 532 533
498 492 477
492 471 494
472 495 494
493 492 494
472 494 471
495 157 543
493 362 389
497 389 362
389 436 493
362 564 496
389 497 390
496 363 497
363 390 497
542 498 541
541 2318 542
501 545 430
502 501 500
569 538 565
544 494 495
500 543 502
321 502 157
364 323 545
503 567 504
244 221 2383
505 504 567
433 504 511
503 504 301
507 508 506
422 425 511
505 506 511
549 510 508
549 507 550
418 429 509
515 594 522
522 429 558
511 504 505
511 506 422
359 512 530
513 512 474
514 513 475
513 516 530
514 515 571
555 516 514
594 510 522
491 530 516
514 516 513
513 517 475
506 517 422
517 508 475
2317 427 518
574 573 580
427 428 518
413 518 428
520 2317 2320
518 2320 2317
570 556 572
520 423 2317
520 519 423
519 521 423
429 432 558
571 555 514
521 558 423
558 515 522
556 521 519
521 571 558
559 574 2320
523 459 460
524 560 561
458 523 460
313 528 523
570 557 555
525 570 560
291 526 461
581 526 576
402 349 527
578 577 527
529 528 467
525 528 529
529 467 466
529 491 557
465 530 491
410 532 469
229 533 532
535 496 564
534 496 535
552 553 547
540 507 505
535 551 534
362 493 539
535 564 565
552 547 554
2321 536 551
534 551 536
409 537 221
536 2321 537
156 536 537
2321 2383 537
501 538 500
473 538 501
566 553 565
540 505 567
544 539 493
566 538 473
541 498 131
471 498 542
502 543 157
569 543 500
500 538 569
364 545 502
547 566 473
418 546 548
547 548 546
550 507 540
510 549 554
549 550 552
553 551 535
565 553 535
551 552 550
547 553 566
552 551 553
546 554 547
552 554 549
546 509 554
509 429 522
509 522 510
555 571 556
570 572 560
521 556 571
556 519 572
516 557 491
515 558 571
561 560 572
524 525 560
575 561 572
523 524 459
562 287 347
487 562 576
287 562 487
527 562 402
577 562 527
577 579 581
362 496 497
539 564 362
539 565 564
565 539 569
244 567 503
2383 567 244
537 2383 221
2321 540 2383
550 540 2321
2318 541 435
544 495 543
544 569 539
543 569 544
548 547 473
557 570 525
556 570 555
519 575 572
581 580 573
580 575 574
520 574 575
559 573 574
559 136 461
476 136 559
580 561 575
577 576 562
527 563 578
578 563 311
580 579 459
526 581 573
577 578 579
561 580 459
580 581 579
582 2306 119
585 112 78
124 584 114
127 584 124
583 584 585
149 586 172
588 587 585
584 588 585
589 588 127
91 589 90
588 589 586
593 590 158
328 590 223
225 434 591
592 591 2378
434 225 228
388 593 382
594 475 508
514 475 515
475 594 515
510 594 508
688 632 631
722 623 622
49 812 50
625 727 728
682 689 687
1109 669 699
240 816 53
786 785 772
638 2384 101
722 683 623
637 636 671
60 59 2325
686 628 2385
682 631 630
687 677 682
684 2385 627
736 169 698
674 649 648
2389 888 57
727 624 683
2325 59 887
59 58 887
56 2389 57
724 664 787
637 2384 638
874 878 731
744 641 640
61 850 852
726 727 683
62 955 849
685 671 636
673 667 699
676 663 645
68 67 855
672 700 673
1097 738 739
667 702 705
714 620 619
803 909 910
644 669 676
639 74 661
751 749 750
674 668 729
74 198 661
704 654 703
639 661 711
671 685 660
683 752 726
730 762 2385
642 673 643
629 686 689
681 680 633
668 647 663
674 647 668
645 663 646
644 676 645
795 688 677
676 729 668
730 2385 684
708 662 709
699 669 643
626 625 728
1109 1108 675
686 629 628
684 627 626
682 688 631
681 688 795
624 727 625
621 679 723
624 623 683
607 885 608
621 723 622
682 677 688
716 679 714
762 760 687
714 618 617
715 714 617
681 632 688
628 627 2385
714 619 618
682 630 689
757 835 795
729 676 669
723 679 716
677 760 757
674 729 675
620 679 621
728 684 626
701 702 700
658 809 659
673 642 672
47 638 101
733 891 954
806 808 805
637 671 2384
811 809 2283
707 655 704
632 681 633
660 697 671
672 642 641
674 675 650
652 1108 705
674 650 649
648 647 674
714 679 620
675 651 650
687 689 686
705 702 653
1091 1041 989
676 668 663
717 725 724
943 873 872
633 680 634
805 597 596
1108 651 675
878 925 930
744 745 708
598 960 952
960 987 800
644 643 669
891 845 847
685 636 635
665 837 743
629 689 630
635 634 680
911 804 909
737 657 656
72 815 73
1109 699 667
817 2386 1048
773 1105 774
660 693 698
697 660 698
698 693 736
139 101 48
2384 671 697
48 697 698
729 669 1109
667 705 1109
700 666 701
667 700 702
673 700 667
666 700 672
709 706 701
704 655 654
701 666 709
703 702 701
653 702 703
703 701 704
653 703 654
706 704 701
704 706 707
652 705 653
706 709 662
656 655 707
748 858 747
707 706 713
745 744 640
662 713 706
712 813 710
863 859 861
744 666 672
709 666 708
711 640 639
749 711 661
708 747 662
198 750 661
751 750 73
694 746 749
1092 735 1093
858 713 662
738 713 712
715 617 616
716 714 715
615 715 616
720 725 717
719 723 718
752 670 726
719 718 717
720 718 753
719 717 670
717 724 670
787 781 724
721 715 615
755 740 754
723 722 622
722 719 752
723 716 718
722 723 719
696 725 720
664 724 725
718 720 717
754 696 720
727 726 678
728 727 678
675 729 1109
681 834 680
680 834 665
684 728 869
840 605 838
1011 1010 973
55 890 300
601 847 602
854 805 808
1068 989 1090
804 64 63
1068 1065 1066
857 793 833
736 693 867
712 739 738
809 658 2285
738 707 713
739 712 710
707 738 737
739 710 997
739 997 1094
202 71 72
70 865 71
922 816 2310
695 968 923
610 609 819
880 886 606
753 716 715
743 742 660
693 660 742
743 660 685
867 693 823
665 743 2322
742 743 826
666 744 708
641 744 672
745 640 711
746 745 711
708 745 747
749 746 711
747 746 748
745 746 747
748 746 694
859 813 748
748 813 858
749 751 694
859 748 694
661 750 749
815 751 73
820 751 815
722 752 683
670 752 719
716 753 718
721 753 715
615 614 755
755 721 615
755 754 721
613 755 614
1047 740 817
696 754 740
728 678 869
757 795 677
756 761 760
766 759 761
759 757 761
765 768 758
836 757 759
769 770 772
776 758 769
759 765 758
769 758 768
776 836 758
677 687 760
762 687 686
760 761 757
763 821 756
756 760 762
730 763 762
756 762 763
822 764 767
767 766 822
783 765 766
759 766 765
783 766 767
774 768 783
774 1105 771
770 769 768
771 784 770
776 775 777
771 768 774
770 784 779
782 767 764
771 1107 784
770 768 771
785 769 772
825 775 790
777 825 824
785 790 775
777 775 825
782 773 767
773 774 783
775 776 769
793 857 790
824 825 823
776 777 871
837 665 796
779 792 786
779 2387 830
764 822 916
787 788 781
782 866 780
670 724 791
764 916 866
724 781 791
773 783 767
779 784 2387
785 775 769
1004 725 696
791 781 789
772 779 786
794 790 785
829 792 870
785 786 794
790 794 793
867 823 857
1049 2388 664
730 868 763
791 726 670
790 857 825
917 789 781
726 791 678
786 2324 794
792 830 870
830 831 870
52 51 832
794 2324 828
833 51 50
871 835 836
796 665 834
778 837 796
835 796 834
796 871 778
841 840 797
901 733 976
1111 877 884
932 887 888
941 829 870
901 845 891
848 847 903
270 983 955
61 333 850
962 800 987
990 803 910
856 802 855
805 807 806
807 2283 806
801 988 1066
853 854 801
807 805 596
596 1284 807
811 807 1284
810 2285 658
2283 809 735
1094 1097 739
809 2285 735
1071 2283 735
811 2283 807
1284 595 2284
811 1284 2284
657 810 658
809 811 659
857 833 812
736 812 49
707 737 656
737 1097 810
657 737 810
712 858 813
710 813 863
863 860 996
815 72 864
865 908 991
861 859 820
817 740 613
755 613 740
1489 612 2386
1003 1047 1048
819 966 1002
914 1002 966
912 609 608
915 819 1002
763 868 920
822 756 821
822 821 916
778 777 824
826 778 824
824 742 826
824 823 742
823 825 857
868 869 827
917 827 789
921 832 828
922 828 2324
792 829 2324
779 830 792
830 695 831
832 51 833
833 793 832
828 832 793
794 828 793
52 832 921
795 834 681
795 835 834
757 836 835
836 759 758
777 778 871
837 778 826
743 837 826
797 840 838
872 605 1443
1110 885 886
873 874 838
872 838 605
876 841 797
877 876 924
839 841 876
892 604 846
872 873 838
888 58 219
889 56 300
889 974 971
241 940 54
603 844 900
602 845 844
604 892 893
900 844 845
604 603 846
903 601 600
905 600 599
891 847 848
847 845 602
903 847 601
848 903 953
983 956 955
1130 849 1131
851 852 850
906 907 850
1112 984 851
852 851 983
853 801 987
854 853 597
855 802 2286
856 67 66
860 993 995
65 64 911
856 66 803
803 66 911
66 65 911
804 63 1130
812 833 50
857 812 867
713 858 712
747 858 662
820 859 694
861 862 992
862 864 865
862 861 820
863 861 860
815 862 820
862 865 992
860 995 996
859 863 813
997 710 996
1095 1094 814
865 864 71
815 864 862
908 70 69
992 865 991
915 612 611
2386 612 818
912 819 609
915 610 819
885 912 608
912 1114 966
818 612 915
917 918 920
780 2323 1132
764 866 782
780 866 2323
919 2323 866
736 867 812
742 823 693
869 868 730
868 827 920
869 730 684
827 678 789
869 678 827
835 871 796
776 871 836
943 894 873
894 943 896
874 873 875
838 874 797
874 731 924
875 873 894
924 731 877
797 874 924
874 875 878
884 970 1055
883 881 882
924 876 797
882 876 877
926 945 929
879 875 894
877 731 884
878 875 879
970 878 930
895 899 894
925 879 926
899 879 894
881 880 839
885 607 886
839 880 841
882 881 839
1110 881 883
882 839 876
883 1111 2329
1111 883 882
1161 1159 1172
884 1055 1111
607 606 886
881 886 880
888 887 58
798 887 932
2325 887 798
889 2389 56
890 889 300
937 55 54
241 53 940
937 54 843
829 816 922
843 54 940
891 733 901
897 900 901
929 925 926
895 894 896
896 892 846
893 943 872
893 892 943
976 978 944
898 897 944
895 897 898
897 896 846
895 896 897
846 900 897
898 978 979
898 951 895
951 899 895
603 900 846
901 900 845
901 976 944
1057 933 1056
951 898 979
926 946 945
946 902 945
905 903 600
599 952 905
952 800 904
598 952 599
905 953 903
953 905 904
982 906 2325
972 973 1010
1112 907 1014
986 957 958
956 957 959
987 961 853
801 962 987
805 854 597
988 854 808
1000 856 990
855 67 856
964 2286 802
865 70 908
855 2286 69
908 69 2286
996 710 863
911 909 803
999 990 910
804 911 64
959 1040 1131
912 913 1114
885 913 912
912 966 819
1046 967 1080
967 741 818
611 610 915
918 916 821
866 916 919
781 788 917
916 918 919
920 918 821
918 917 919
920 821 763
922 921 828
829 922 2324
941 816 829
968 695 1005
878 879 925
899 926 879
929 930 925
929 945 948
929 927 930
878 970 731
928 970 930
798 932 931
935 931 1006
935 934 931
2389 932 888
931 932 1006
1006 2389 971
935 1006 936
1119 1127 1118
935 933 1123
933 935 936
933 1057 1123
798 972 982
798 931 934
973 934 1122
1007 974 1008
938 937 799
938 799 939
937 938 890
1018 939 799
890 55 937
816 940 53
1051 941 831
891 848 954
892 896 943
898 944 978
901 944 897
949 945 902
899 946 926
979 902 946
1024 902 981
929 948 927
980 981 979
950 945 949
948 945 1023
947 950 949
1023 945 950
979 946 951
946 899 951
800 952 960
905 952 904
1062 986 1059
1026 953 904
954 848 1028
733 942 976
953 1028 848
906 982 842
907 906 842
906 850 333
1112 850 907
1112 851 850
956 851 984
955 959 849
959 955 956
956 984 957
959 957 1040
957 984 958
1031 1100 1038
1040 957 986
961 960 598
960 961 987
963 802 1000
1000 802 856
965 963 1000
802 963 964
1042 994 995
1040 734 1085
967 1002 914
914 1081 1080
741 967 1046
695 923 831
843 799 937
1018 799 969
927 690 1053
928 930 927
1126 1053 690
970 928 1055
731 970 884
57 888 219
936 1006 971
973 972 934
1011 973 1128
889 971 2389
1007 971 974
890 974 889
938 974 890
1008 938 939
1008 1115 732
976 942 977
1060 733 954
1059 985 1017
980 977 1016
977 978 976
1116 950 1009
927 948 690
1127 948 1023
947 949 1024
979 978 980
978 977 980
1058 980 1016
902 979 981
800 1025 904
1027 1026 1030
1031 1029 1100
982 2325 798
982 972 842
852 983 270
983 851 956
1015 984 1112
962 801 1066
989 988 808
854 988 801
808 1091 989
1095 1096 692
1063 1065 691
803 990 856
2286 991 908
993 992 991
992 993 860
1044 1042 1043
1074 1075 1073
1042 993 991
2287 814 997
861 992 860
2287 997 996
995 994 2287
994 1074 1076
1072 1041 692
1087 1084 1086
1001 999 1045
1001 1000 990
1069 691 1065
915 1002 818
1004 1003 1050
1003 1004 696
696 740 1047
1004 1050 1049
725 1004 664
1102 2326 1133
2386 741 1048
1002 967 818
1147 968 1005
1022 923 968
831 923 969
940 1051 843
799 843 969
1051 969 843
1129 1127 1119
1106 1140 1147
1007 936 971
974 938 1008
1115 1008 939
732 1007 1008
1123 934 935
950 1116 1023
1061 1128 947
1012 1014 907
1011 1128 1061
1012 1010 1011
907 842 1012
972 1010 842
1012 842 1010
1014 1012 2327
1011 1061 2327
2327 1083 1013
1013 985 1015
1015 1014 1013
1015 985 1059
1015 958 984
1016 977 1070
1070 977 942
1017 1016 1070
1017 985 1058
1115 939 975
1018 969 923
975 939 1018
1150 1022 1143
1142 1149 1143
1115 1021 1121
1020 1018 923
975 1019 1021
1019 975 1020
1020 975 1018
1151 1153 1125
923 1022 1020
690 948 1127
1061 1024 1083
1014 2327 1013
902 1024 949
1024 981 1083
800 962 1025
1026 904 1025
1028 1026 1027
1026 1025 1032
1027 1030 1035
1031 1027 1035
1028 1027 1039
1026 1028 953
1045 1063 691
1045 1037 1063
1035 1029 1031
734 986 1062
1030 1026 1032
1064 1032 1025
1036 1030 1032
1029 1035 1033
1034 1036 1037
999 910 1087
1033 1035 1034
1035 1030 1034
1037 1036 1063
1100 1070 1038
1027 1031 1039
1038 1039 1031
986 734 1040
1033 734 1062
1059 986 958
1071 1091 806
1064 1025 962
1043 991 2286
1044 1043 964
991 1043 1042
1000 1001 965
999 1001 990
1080 967 914
1050 1046 1082
1048 1047 817
1047 1003 696
817 1427 2386
1046 1048 741
787 664 2388
1004 1049 664
1102 1050 1082
1050 1003 1046
1048 1046 1003
816 941 940
969 1051 831
690 1127 1129
928 1053 1054
1126 1052 1053
1053 1052 1054
1166 1055 1168
927 1053 928
928 1054 1055
1007 732 1056
936 1056 933
1118 1116 1117
1057 1056 1120
1057 1117 1123
950 947 1009
981 980 1058
985 1013 1058
1017 1058 1016
1015 1059 958
1060 942 733
1039 1060 954
1028 1039 954
1024 1061 947
1011 2327 1012
2327 1061 1083
1100 1062 1059
1062 1100 1029
1063 1064 1065
1032 1064 1036
1066 1064 962
988 1068 1066
1069 1065 1068
1064 1066 1065
1041 1072 1090
989 1068 988
1067 1069 1068
994 1042 1074
1077 1069 1067
1069 1077 691
1017 1070 1100
942 1038 1070
1071 735 1092
1090 1067 1068
993 1042 995
963 1044 964
1042 1044 1074
1075 1074 1044
1067 1079 1073
1075 1044 963
1074 1073 1076
963 965 1075
1001 1045 691
1076 1073 1079
994 1076 2287
1078 1075 965
1001 1078 965
1079 1072 998
1077 1078 691
1001 691 1078
1046 1080 1082
1102 1099 2388
2326 1082 1080
741 2386 818
981 1058 1083
1083 1058 1013
1017 1100 1059
1029 1033 1062
1033 1089 734
1089 1085 734
1085 1086 1084
909 1088 910
1086 1085 1089
1085 1084 1131
1045 999 1087
1087 910 1088
1087 1086 1037
1088 909 804
1087 1088 1084
1034 1089 1033
1041 1090 989
1079 1090 1072
1067 1090 1079
806 1091 808
692 1091 1071
1093 735 2285
1096 1095 814
1097 1094 1093
1093 1094 1095
814 1094 997
1097 1093 810
692 1092 1095
1095 1092 1093
1096 998 1072
738 1097 737
1091 692 1041
1092 692 1071
1096 1072 692
1105 773 2390
788 1099 2323
1133 2328 1132
1089 1034 1086
1037 1086 1034
1087 1037 1045
1133 2326 2328
1049 1050 1102
1099 1102 1133
1107 1005 784
1104 782 780
773 782 1104
1156 1146 1103
1081 1170 1101
1104 780 1103
773 1104 2390
1134 1156 1103
1105 1107 771
1107 1105 1106
1140 1106 1141
1147 1005 1107
1147 1107 1106
651 1108 652
705 1108 1109
820 694 751
885 1110 913
881 1110 886
877 1111 882
1166 1111 1055
1112 1014 1015
1164 1170 1171
1114 1113 914
914 1113 1081
883 1162 1110
1160 1161 1162
1114 913 1172
920 827 917
1021 1115 975
1116 1009 1117
1116 1127 1023
1122 1117 1009
1117 1057 1118
1127 1116 1118
1118 1120 1119
1120 732 1121
1128 1009 947
1123 1122 934
1117 1122 1123
1115 1121 732
1152 1125 1021
1021 1125 1121
1153 1124 1125
1120 1121 1124
1129 1126 690
1153 1126 1124
1057 1120 1118
1124 1119 1120
1122 1128 973
1009 1128 1122
1124 1129 1119
1126 1129 1124
1131 1088 1130
849 959 1131
1130 1088 804
1084 1088 1131
62 849 63
1131 1040 1085
1101 1098 2328
1099 1133 1132
1134 2328 1098
1103 780 1132
1132 2328 1134
1159 1171 1172
1153 1154 1155
1132 1134 1103
1138 1136 1164
1081 1101 2326
1101 1170 1136
1152 1151 1125
1101 1136 1098
1164 1136 1170
1139 1156 1098
1163 1138 1164
1139 1138 1137
1135 1144 1137
1139 1137 1144
1142 1144 1135
1147 1140 1143
1140 1142 1143
1104 1103 1146
1141 1146 1145
1106 2390 1141
1143 1149 1150
1145 1144 1142
1156 1144 1145
2390 1104 1146
1145 1146 1156
2390 1146 1141
1143 1022 1147
968 1147 1022
1152 1019 1150
1148 1142 1135
1142 1148 1149
1135 1158 1154
1151 1149 1148
1150 1019 1020
1137 1167 1158
1052 1157 1168
1151 1152 1149
1019 1152 1021
1022 1150 1020
1152 1150 1149
1154 1153 1151
1154 1151 1148
1135 1154 1148
1144 1156 1139
1157 1052 1155
1158 1157 1155
1138 1163 1167
1155 1154 1158
1137 1158 1135
1167 1157 1158
1161 1172 913
1162 2329 1160
1163 1159 1160
1162 1161 913
1159 1161 1160
1110 1162 913
1165 1160 2329
1163 1165 1169
1159 1163 1164
2329 1166 1165
1163 1169 1167
1166 1168 1169
1111 1166 2329
1168 1055 1054
1166 1169 1165
1138 1167 1137
1052 1168 1054
1157 1169 1168
1167 1169 1157
1113 1170 1081
1171 1170 1113
1172 1171 1113
1171 1159 1164
1114 1172 1113
1145 1140 1141
1142 1140 1145
616 617 618
1311 1234 1272
1269 1219 1220
616 618 619
619 1276 616
1345 616 1276
1276 619 1173
1271 1269 1263
1271 1218 1219
1348 1312 1350
1236 1258 2292
647 648 1244
1353 1179 1180
2331 1258 1266
1488 611 612
1269 1240 2288
2330 1310 1234
1267 1261 1250
2338 1186 1187
1286 1253 1259
1247 1224 1225
607 608 1433
613 614 1486
1274 1275 1336
1239 1238 1251
1507 1357 1394
1310 2288 1255
1243 647 1244
1217 1285 1216
872 1443 1445
1234 1311 2330
1736 1515 1510
1237 1261 1260
1446 841 880
1255 2288 1259
1235 1231 1232
1397 601 602
1323 596 597
598 1366 961
1325 1297 1378
601 1397 1398
1334 1306 1213
2292 1228 1229
1247 1253 1246
1226 1227 1242
1327 1295 1328
1247 1246 1224
1339 1343 1340
1326 596 1323
1232 2291 2290
1293 1332 1233
1245 1243 1238
1226 1242 1254
1223 1224 1246
1239 1246 1253
2292 1258 1241
1229 1230 2289
1230 1231 1249
1240 1248 1286
1202 1920 1438
1188 1362 1361
1241 2331 1267
1188 1189 1362
1262 1264 1305
1265 1261 1267
1342 1479 1341
1282 1283 1191
1395 1204 1205
1249 1257 2289
1255 1256 1237
1245 1248 1221
1258 2331 1241
1437 1392 1436
1437 1498 1392
1242 1250 1261
1192 1282 1191
1238 1244 1251
1237 1242 1261
1246 1251 1223
1247 1256 1253
1503 1549 1201
1259 1256 1255
1550 1201 1549
1244 1222 1251
1495 1199 1200
1236 2292 2289
1198 1199 1496
1260 1234 1310
1260 1255 1237
1218 1271 1217
1272 1260 1261
1263 2330 1309
1242 1227 1250
1221 1248 1220
1238 1243 1244
1256 1247 1254
1260 1310 1255
1287 1257 1249
648 1222 1244
1237 1256 1254
1243 1252 663
663 1252 646
2289 1257 1236
1245 1252 1243
1228 1250 1227
1243 663 647
1221 646 1252
1268 1258 1236
1415 1209 1210
1251 1246 1239
1221 1252 1245
1381 1382 1343
1241 1250 1228
1272 1234 1260
1222 1223 1251
1225 1226 1254
1300 1333 1214
1212 1306 1308
1286 1245 1238
1286 1239 1253
1308 1306 1307
1241 1228 2292
1242 1237 1254
1256 1259 1253
1286 1259 1240
2288 1240 1259
1272 1261 1265
1274 1265 1273
1258 1268 1266
1265 2331 1273
1262 1304 1264
1273 2331 1266
1241 1267 1250
1257 1291 1236
1266 1268 1264
1271 1263 1309
1309 1217 1271
1248 1240 1220
1270 1273 1304
1269 1271 1219
1274 1272 1265
1311 1272 1336
1274 1273 1270
1264 1304 1266
1275 1274 1270
1274 1336 1272
1301 1303 1299
1270 1301 1299
1275 2391 1336
1175 1176 1350
614 615 1344
1277 1276 1173
1173 1174 1277
1312 1174 1175
1177 1349 1350
1312 1277 1174
1277 1312 1314
1183 1184 1360
1199 1495 1496
1445 893 872
1282 1281 1283
1282 1193 1281
1283 1281 1406
1190 1191 1283
600 601 1398
1484 1614 2393
1233 1330 1293
1288 1294 1292
1217 1309 1285
1215 1216 1285
1239 1286 1238
1235 1287 1231
1288 1287 1235
2291 1377 2290
1268 1289 1264
1293 1330 1290
1236 1291 1289
1288 1292 1287
1290 1291 1257
1331 1291 1290
1290 1292 1293
1296 1332 1293
1296 1292 1294
1292 1296 1293
1288 2293 1295
1288 1295 1294
1328 1295 2293
1327 1323 1368
1297 1296 1294
1378 1295 1327
1297 1325 2333
1297 1332 1296
1303 1301 1302
1275 1270 1299
1300 2391 1298
1298 2391 1275
1299 1298 1275
1214 1894 1335
1301 1304 1262
1302 1301 1262
1303 1302 1307
1299 1303 1298
1306 1334 1303
1333 1334 1213
1270 1304 1301
1304 1273 1266
1478 1479 1480
1308 1343 1382
1306 1303 1307
1213 1306 1212
1340 1341 1479
1302 1341 1340
1382 1212 1308
2288 1310 1263
1311 1336 2334
1312 1348 1314
1344 1346 614
1350 1312 1175
1314 1345 1277
1348 1349 1429
1348 1384 1314
1432 1384 1431
609 610 1387
1584 1278 1533
1517 1446 1447
1516 1433 1388
1396 1206 1207
1365 1189 1190
2338 1187 1361
1408 1405 1406
1407 1408 1406
1365 1283 1406
1365 1405 1362
1210 1734 1415
1474 1484 2393
1419 1483 1477
1555 1395 1556
1368 597 853
1369 853 961
1370 1368 1369
1378 1297 1294
1325 1324 1371
1371 1324 1376
1326 1328 2293
596 1326 1377
1368 1323 597
1368 1370 1327
1324 1325 1378
1328 1323 1327
1323 1328 1326
1377 2293 2290
1379 1330 1233
1291 1331 1289
1342 1305 1423
1290 1330 1331
1379 1331 1330
1335 1300 1214
1333 1300 1334
1300 1298 1334
1303 1334 1298
1329 1335 1894
1300 1335 2391
1329 1337 1335
2391 1337 1336
1338 2334 2392
1285 1309 1338
1340 1308 1307
1305 1342 1341
1262 1305 1341
1302 1340 1307
1375 1423 1233
1375 1233 1417
1262 1341 1302
1426 1381 1343
1379 1423 1305
1308 1340 1343
1345 1344 615
616 1345 615
1277 1345 1276
1346 1352 1486
1313 1545 1617
1493 1494 1591
1431 1429 1383
1384 1348 1429
1351 1177 1178
1429 1349 1347
1177 1350 1176
1348 1350 1349
1349 1177 1351
1434 1178 1179
1349 1351 1347
1314 1385 1344
1345 1314 1344
1384 1385 1314
1344 1385 1346
1386 1352 1432
1388 1547 1661
1387 1548 609
1430 1347 1390
1694 1709 1708
1444 1394 1443
1455 1456 1459
1407 1409 1280
1359 1195 1196
1197 1463 1976
1389 1466 1467
1362 1189 1365
1187 1188 1361
1322 1364 1321
1364 1194 1321
1321 1194 1363
1364 1322 1193
1281 1322 1406
1281 1193 1322
1283 1365 1190
1406 1322 1407
598 599 1460
1327 1370 1324
1734 1210 1211
1482 1543 1415
1369 1368 853
961 1366 1369
1370 1366 1324
1371 1373 1475
1373 1520 1457
1417 1233 1332
1520 1371 1376
1418 1417 2333
1417 1374 1375
1332 1297 2333
1417 1418 1374
1478 1339 1479
1480 1423 1375
1476 1375 1374
1472 1366 1460
596 1377 1284
2293 1377 1326
1295 1378 1294
1324 1378 1327
2392 1329 1215
1289 1379 1264
1331 1379 1289
1338 2330 1311
1309 2330 1338
1380 1426 1421
1426 1343 1339
1381 1426 1425
1427 1486 1487
1489 1487 1428
1430 1429 1347
1385 1384 1432
1547 1591 1546
1389 1180 1181
1466 1182 1403
1434 1353 1390
1351 1178 1434
1389 1353 1180
1523 1353 1389
1429 1430 1383
1351 1434 1347
1347 1434 1390
2394 1390 1353
1503 1202 1438
1550 1391 1495
1197 1198 1497
1392 1498 1499
1442 1393 1439
1447 880 606
1507 1508 1506
1204 1395 1554
1208 1367 1413
1597 1557 1442
1393 1440 1439
1556 1395 1396
1204 1554 1441
1448 602 844
1449 844 603
2341 1320 1458
1448 1397 602
1458 1397 2341
1449 1450 1448
1194 1400 1363
1196 1463 1464
1401 1195 2336
1522 1359 1464
1465 1184 1185
1404 1185 1186
1403 1527 1467
1182 1466 1181
1465 1360 1184
1182 1183 1403
2337 2338 1361
1404 1402 1465
1280 1411 1586
1186 2338 1404
1525 1402 1404
1362 1405 1524
1406 1405 1365
1407 1322 1321
1409 1407 1321
1407 1280 1408
1409 1321 1363
1470 1408 1280
1405 1408 1524
1363 1410 1409
1400 1401 1410
1411 1280 1409
1542 1413 1367
1414 1416 1412
1206 1396 1205
1543 1416 1414
1543 1414 1415
1209 1415 1414
1543 1484 1474
1367 1208 1412
1207 1208 1413
1324 1366 1472
1369 1366 1370
1376 1324 1472
2333 1417 1332
1475 1325 1371
2333 1475 1418
1566 1418 1475
1374 1418 1372
1419 1374 1372
1374 1419 1477
1566 1372 1418
1374 1477 1476
1375 1476 1480
1479 1339 1340
1478 1480 1476
1477 1483 1422
1478 1421 1339
1421 1420 1735
1421 1735 1380
1422 1735 1420
1420 1476 1477
1735 1422 1482
1233 1423 1379
1426 1339 1421
1425 1426 1380
1489 1427 1487
613 1486 1427
1487 1352 1386
1486 1352 1487
1383 1545 1431
1490 1530 1491
1432 1431 1313
1384 1429 1431
1432 1313 1616
1385 1432 1352
1493 1387 610
1548 1433 608
1466 1389 1181
1353 1434 1179
1490 2394 1530
1467 1527 1583
1435 1523 1583
2394 1353 1523
1389 1467 1523
1523 1435 2394
1436 1438 1437
1438 1920 1437
1498 1437 1440
1438 1436 1503
1439 1440 1203
1441 1442 1439
1498 1440 1393
1442 1441 1554
1505 1355 1498
1597 1442 1554
1393 1442 1557
1444 1443 605
1445 1443 1394
840 841 2335
893 1445 1560
1447 1446 880
606 607 1518
1358 1446 1517
1395 1205 1396
1207 1413 1396
1413 1542 1473
1449 1448 844
1399 1449 603
1449 1399 1450
603 604 1399
1399 1451 1450
1519 1565 1452
1399 1561 1451
1452 1565 2341
1450 1451 1452
2341 1565 1320
1448 2341 1397
1452 2341 1450
1448 1450 2341
1453 1320 1454
1398 1458 1459
1458 1398 1397
1453 1424 1455
1458 1320 1453
1454 1737 1424
1453 1454 1424
1472 1471 1376
1471 1456 1455
1453 1455 1459
1424 1457 1455
2342 1456 1460
1398 1459 2342
1521 1566 1373
1459 1458 1453
2342 1459 1456
599 2342 1460
1460 1471 1472
598 1460 1366
1398 2342 600
1461 1462 1410
1401 1461 1410
1463 1196 1976
1359 1196 1464
1497 1198 1496
1497 1553 1463
1552 1551 1594
1553 1464 1463
1522 1464 1571
1404 1465 1185
1360 1465 1402
1467 1466 1403
1583 1523 1467
1470 1524 1408
1280 1586 1470
1470 2337 1524
1538 1536 1469
1576 1534 1462
1410 1462 1409
1586 1534 1538
1586 1538 1469
1541 1470 1469
1456 1471 1460
2393 1614 1649
1396 1413 1473
1555 1556 1647
1556 1396 1473
1412 1416 1367
1416 1474 1367
1566 1475 1373
1325 1475 2333
1566 1569 1372
1636 1737 1634
1420 1477 1422
1476 1420 1478
1421 1478 1420
1480 1479 1342
1423 1480 1342
1482 1481 1543
1481 1482 1422
1484 1485 1614
1484 1481 1485
1483 1485 1481
1385 1352 1346
1650 1487 1386
1489 1488 612
1654 1488 1428
1428 1488 1489
1490 1430 1390
2394 1490 1390
1491 1492 1490
1491 2344 1492
1545 1313 1431
1591 1494 1652
611 1493 610
611 1494 1493
609 1548 608
1550 1495 1200
1201 1550 1200
1496 1495 1391
1197 1497 1463
1552 1497 1496
1553 1497 1552
1393 1557 1505
1498 1355 1499
1501 1621 1354
1392 1499 1502
1502 1499 1500
1436 1392 1501
1316 1502 2343
1392 1502 1501
1686 1684 1316
1920 1203 1440
1437 1920 1440
1503 1354 1549
1501 1354 1436
1354 1503 1436
1555 1597 1554
1732 1597 1555
1558 1504 1557
1393 1505 1498
1733 1355 1505
605 840 1444
1507 1394 1508
1509 1507 1506
1559 2335 1446
1508 1559 1506
1506 1559 1723
1508 1444 2335
1723 1559 1358
1509 1357 1507
1515 1451 1511
1445 1513 1560
1317 1514 1512
1510 1357 1512
1513 1510 1511
1317 1512 1509
1509 1512 1357
1512 1736 1510
1736 1512 1514
1562 1514 1710
1563 1515 1736
1451 1515 1563
1515 1511 1510
1447 1516 1517
1388 1661 1672
1516 1447 1518
1516 2355 1517
606 1518 1447
607 1433 1518
1637 1598 1625
1710 1712 1562
1519 1452 1563
1519 1598 1565
1471 1520 1376
1457 1520 1455
1455 1520 1471
1372 1569 1567
1359 1522 1573
1576 1462 2339
1461 1401 2336
1571 1572 1522
1524 2337 1361
1362 1524 1361
1539 1525 1536
1402 1525 1526
1527 2395 1609
1609 2395 1526
1491 1530 1531
1589 1610 1609
2344 1531 1533
1530 1529 1531
1531 1529 1532
1491 1531 2344
1609 1612 1528
1584 1533 1532
1608 1533 1278
2339 1577 1576
1534 1576 1468
1534 1468 1538
1462 1534 1411
1468 1537 1538
1536 1525 1541
1470 1586 1469
1534 1586 1411
1468 1576 1575
1540 1589 1535
1469 1536 1541
1539 1536 1535
1535 1536 1538
1535 1538 1537
1539 1535 1589
1525 1539 1526
1535 1537 1540
1528 1612 1613
1581 1579 1582
1470 1541 2337
1474 1542 1367
1484 1543 1481
1568 1614 1485
1649 1614 1615
1492 1383 1430
1383 1492 1545
1585 1492 2344
1651 1643 1669
1494 1488 1654
1545 1492 1585
1490 1492 1430
1388 1433 1548
1494 611 1488
1547 1548 1387
1591 1547 1387
1547 1620 1661
1354 1621 2347
2347 1550 1549
1391 1550 2347
1551 1496 1391
1391 1622 1551
1594 1596 1571
1551 1552 1496
1553 1571 1464
1555 1554 1395
1505 1557 1504
1648 2350 1319
1559 1508 2335
1394 1444 1508
1358 1559 1446
1445 1394 1513
1357 1513 1394
1560 1513 1511
1357 1510 1513
1511 1561 1560
1399 604 1561
1560 604 893
1451 1561 1511
1672 1516 1388
1516 1518 1433
1451 1563 1452
1598 1564 1624
1563 1564 1519
1565 1637 1320
1637 1565 1598
1569 1566 1521
1520 1373 1371
1521 1373 1457
1737 1631 1632
1419 1567 1483
1567 1569 1570
1568 1570 1544
1567 1570 1485
1634 1570 1569
1594 1571 1552
1572 1571 1596
1572 1578 1599
1599 1573 1522
1461 1573 2339
2339 1599 1577
1468 1575 1537
1579 1574 1578
1575 1576 1574
1573 1599 2339
1574 1576 1577
1574 1577 1578
1356 1675 1677
1574 1581 1575
1574 1579 1581
1578 1572 1600
1579 1578 1600
1676 1689 1679
1601 2345 1540
1640 1641 1679
1537 1575 1601
1527 1403 2395
1527 1528 1583
1435 1583 1528
1584 1532 1588
1532 1587 1588
1643 1608 1278
2397 1585 1608
1585 1617 1545
2344 1608 1585
1532 1533 1531
1608 2344 1533
1610 1589 1540
1609 1610 1612
1584 1588 2346
1587 1532 1529
1612 1610 1611
1611 1588 1587
1526 1589 1609
1539 1589 1526
1647 1556 1473
1615 1568 1544
1493 1591 1387
1546 1591 1652
1619 1546 1315
1653 1315 1652
1546 1619 1620
1546 1620 1547
1388 1548 1547
1354 2347 1549
1551 1595 1594
1600 1596 1356
1596 1595 1356
1595 1596 1594
1557 1597 1558
604 1560 1561
1562 1624 1564
1564 1598 1519
1625 1598 1624
1569 1521 1634
1572 1599 1522
1577 1599 1578
1596 1600 1572
1581 1601 1575
1607 1638 1639
1582 1639 1638
1607 1580 1605
1278 1584 1603
1619 1671 1657
1643 1603 1602
1602 1669 1643
1606 2346 1604
1580 1639 1640
1604 2400 1606
1605 1604 2346
1611 1645 1588
1605 1580 1664
2399 1657 1671
1645 1605 2346
1527 1609 1528
1610 1540 2345
1612 1587 1613
1610 2345 1611
2345 1638 1644
1435 1613 1529
1648 1647 1646
1615 1614 1568
1627 1615 1544
1649 1615 1633
1432 1616 1386
1617 1616 1313
1590 1617 2397
1616 1617 1590
1652 1315 1546
1655 1671 1619
1656 1620 1619
1656 1672 1661
1622 1391 2347
1595 1551 1673
1662 1622 2347
1673 1551 1622
1673 1622 1662
1658 1680 1699
1356 1595 1674
1562 1626 1624
1624 1626 1663
1625 1631 1637
2348 1627 1632
1716 1712 1710
1663 1626 1718
1627 1544 1632
1627 2348 1629
1663 2349 1628
1635 1633 1629
2348 1628 1629
1628 1625 1663
1712 1715 1718
1648 1319 1647
1630 1629 2349
1635 1629 1630
1737 1454 1631
1632 1631 2348
1634 1632 1544
1615 1627 1633
1629 1633 1627
1634 1544 1570
1646 2396 1648
1635 1648 2396
1521 1636 1634
1637 1454 1320
1454 1637 1631
1607 1639 1580
1681 1666 1668
1640 1664 1580
1641 1639 1582
1665 1664 1666
1579 1600 1677
1678 1582 1579
1641 1640 1639
1641 1676 1679
1356 1674 1675
1595 1673 1674
1659 1603 1606
1603 1643 1278
1604 1605 1664
1644 1638 1607
1585 2397 1617
1612 1611 1587
1645 1611 1644
1644 1607 1645
1605 1645 1607
2346 1588 1645
1529 1613 1587
1646 1647 1473
1647 1319 1555
1630 1714 2350
1649 2396 2393
1635 1649 1633
1650 1654 1428
1654 1618 1652
1487 1650 1428
1651 1618 1590
1618 1654 1650
1643 2397 1608
1651 1669 1653
1650 1590 1618
1654 1652 1494
1653 1652 1618
1651 1653 1618
1655 1619 1315
1655 1315 1653
1669 1655 1653
1619 1657 1656
1657 1658 1593
1658 1657 1592
1660 1592 2399
1657 1593 1656
1593 1658 1670
1659 1671 1602
1659 1602 1603
1660 2399 2400
1656 1661 1620
1672 1656 1593
1593 2401 1672
1358 1517 1738
1663 1718 2349
1625 1624 1663
1604 1664 1665
1679 1666 1640
1660 1665 1681
1604 1665 2400
1666 1681 1665
1640 1666 1664
1682 1668 1666
1666 1679 1682
1668 1667 1687
1655 1669 1602
1680 1658 1592
1602 1671 1655
1683 2401 2398
1621 1316 1662
1675 1674 1642
1642 1676 1675
1678 1677 1675
1642 1689 1676
1676 1641 1678
1356 1677 1600
1675 1676 1678
1582 1678 1641
1579 1677 1678
1667 1693 1687
1687 1681 1668
1592 1660 1680
1689 1682 1679
1668 1682 1690
1683 2398 1739
1672 1683 2355
2421 1623 1642
1662 1684 2421
2354 2403 1726
1685 1686 2343
1692 1686 1685
1699 1680 1687
1681 1687 1680
1688 1670 1699
1318 2398 1688
1670 1658 1699
1668 1690 1667
1689 1690 1682
2351 1692 2352
1667 1690 2352
1689 1623 1690
2351 1686 1692
1691 1692 1279
1693 1667 1691
1719 1720 1721
1692 1685 1695
1692 1695 1279
1719 1699 1693
1685 2353 2354
1514 1697 1710
1696 1708 1697
1317 1697 1514
1696 1694 1708
1355 1500 1499
2353 2343 1500
1705 1703 1704
1697 1317 1696
1500 1355 1698
1505 1504 1733
1720 1691 1279
1699 1687 1693
1694 1696 1703
1719 1721 1725
1703 1696 1704
1702 1725 1700
1317 1509 1704
1703 1705 1702
1707 1706 1727
1500 1698 2353
2353 1698 1727
1702 1701 1694
1695 1701 1700
1701 1695 1726
1701 1702 1700
1725 1702 1705
1688 1699 1719
1700 1279 1695
1694 1703 1702
1317 1704 1696
1506 1722 1509
1722 1704 1509
1722 1705 1704
1701 2402 1694
1727 2354 2353
1706 1713 1709
1626 1712 1718
1712 1626 1562
1713 1716 1709
2402 1726 2403
1727 2403 2354
1710 1708 1716
1706 1730 1713
1716 1708 1709
1708 1710 1697
1319 1728 1732
1712 1716 1715
1730 1706 1707
1711 1715 1713
2349 1714 1630
1728 2350 1714
1733 1731 1707
1731 1729 1730
1711 1717 1715
1717 1718 1715
1731 1504 1558
1713 1715 1716
1728 1717 1711
1718 1717 1714
2349 1718 1714
1720 1719 1693
1688 1719 1725
1693 1691 1720
1279 1700 1721
1725 1721 1700
1279 1721 1720
1723 1722 1506
1723 1738 1739
1738 1723 1358
1705 1722 1724
1724 1722 1723
1724 1723 1739
1724 1725 1705
1318 1725 1724
1725 1318 1688
1726 2402 1701
1685 2354 1695
1706 2403 1727
1733 1707 1698
1635 1630 1648
1714 1717 1728
1711 1729 1728
1729 1732 1728
1730 1729 1711
1732 1729 1558
1713 1730 1711
1730 1707 1731
1504 1731 1733
1558 1729 1731
1558 1597 1732
1728 1319 2350
1319 1732 1555
1727 1698 1707
1355 1733 1698
1425 1380 1734
1380 1735 1734
1415 1734 1482
1735 1482 1734
1613 1435 1528
1530 1435 1529
1736 1564 1563
1514 1562 1736
1564 1736 1562
1634 1737 1632
1424 1737 1636
1672 2355 1516
1724 1739 1318
1794 1282 1192
1758 1794 1192
1364 1856 1855
1216 1852 1759
1193 1856 1364
1855 1194 1364
1973 1199 1198
1770 1769 1792
1852 1216 1215
1282 1794 1795
1756 1820 1757
1750 1982 1751
1809 1854 1785
2301 1793 1779
1201 1923 1503
1770 1792 1785
1883 1922 1920
1788 1773 1772
1503 1923 1996
1791 1793 1771
1848 1806 2296
1758 1757 1794
1928 1208 1207
1933 1204 2004
1776 1810 1780
1412 1208 1930
1209 1866 1210
1790 1778 1760
2087 1775 2081
1762 1761 1803
1777 1786 84
1793 1772 1771
1781 1764 1786
1382 1381 1865
1783 2294 1763
1832 1865 1899
85 1786 1764
1206 1205 1931
1761 1760 1778
1781 1774 1839
1193 1282 1795
1790 1759 1852
2359 2332 1894
1787 1777 83
1762 1803 1783
1786 1774 1781
2410 2192 2222
1787 1763 2294
83 1777 84
1786 85 84
1780 1792 1769
1213 1835 1333
1912 1914 1748
2004 1204 1441
1820 1794 1757
1912 1747 1937
1745 1888 1746
1741 1740 2358
1195 2035 1196
1934 1888 1745
1994 2356 15
1799 1861 2358
1827 1743 1742
1987 1915 2356
1788 2295 1773
1742 1741 1831
1861 24 23
1803 1761 1778
2358 1829 1831
14 13 1916
1799 1740 27
1826 1862 1955
1862 1826 23
27 26 24
1794 1820 1795
25 24 26
24 1799 27
19 1891 238
1790 1760 1759
1777 1787 2294
1780 1768 1802
21 2303 2018
22 21 1890
1799 2358 1740
1827 1742 1831
1802 1782 1840
2301 1808 2295
1772 1793 2297
1773 2298 2299
1838 1839 1774
1211 1958 1900
1 1784 2405
1 2300 1784
1778 1790 1789
1770 1785 1791
1781 1765 1764
1781 1839 1765
1786 1777 1774
1839 1766 1765
1842 1784 2404
1810 1792 1780
1763 1787 82
1769 1768 1780
1971 1756 1755
1904 1963 1835
1885 10 229
1802 1768 1767
1839 1782 1766
83 82 1787
1926 1886 1925
1854 1816 2357
1215 1329 2332
1783 1763 1762
1875 5 4
1801 1848 1851
1886 1926 2079
1867 1906 1964
1766 1782 1767
275 5 1867
1924 1927 2008
1841 1872 1840
1881 1916 1991
2294 1774 1777
1382 1902 1212
1782 1839 1838
1869 1803 1836
1782 1802 1767
1802 1840 1776
1778 1789 1803
1872 1811 1810
1842 1804 1784
1842 1806 1804
1845 3 2405
1806 1842 1843
1804 1805 1845
2296 1846 1848
1845 1805 1844
234 3 1845
1807 1215 2332
1808 2301 1779
2238 2239 1779
2295 1808 1850
1810 1811 1813
1809 1785 1792
1816 1813 1815
1872 1810 1776
1810 1813 1809
1814 1811 1873
2359 1864 1817
1812 1817 1864
1813 1811 1814
1897 1815 1812
1814 1873 1868
1812 1813 1814
1864 2250 1897
1898 1818 1815
1812 1815 1813
1815 1818 1816
1818 2357 1816
1809 1816 1854
1812 1814 1817
1813 1816 1809
2357 1818 2242
2357 1819 1854
1980 1194 1855
1879 1911 1754
1754 1753 1879
1197 1976 1877
1748 1914 1749
1882 2362 1991
1944 2020 2178
2419 1923 2413
1744 1827 1889
2016 1858 2015
1954 2064 2065
1955 1862 22
1828 1827 1831
1828 1831 1829
2065 1830 1954
1828 1829 1957
2103 1938 1935
1830 1889 1828
1830 1936 1889
1831 1741 2358
1214 1863 1894
1899 1381 1425
1865 1960 1902
1866 1958 1210
1844 1849 1875
1212 1902 1904
1898 1815 1897
1802 1776 1780
1872 1776 1840
1789 1853 1868
1872 1841 1873
1782 1838 1840
1869 1870 1803
1840 1838 1837
1838 1774 1871
1840 1837 1841
1869 1841 1837
1873 1836 1868
1843 1842 2298
1843 2298 2295
1847 1801 1849
4 1845 1844
1848 1801 1847
1805 1806 1847
1848 1847 1806
1874 1801 1851
1805 1847 1844
1848 1846 1851
1834 1905 1849
1844 1847 1849
1843 1850 2296
1850 1966 2296
2295 1850 1843
2241 1966 1850
1966 1967 1965
2241 1850 1808
1967 1966 2241
1907 1851 1846
1852 1807 1853
1852 1215 1807
1810 1809 1792
1814 1868 1817
1790 1853 1789
1817 1853 1807
1852 1853 1790
1791 1785 1819
1856 1968 1855
2095 1975 1857
1795 1856 1193
1971 1820 1756
1877 1974 1197
1401 1400 1979
2038 2037 1910
1917 12 11
1921 1883 1920
2002 1999 2000
1883 1921 1997
1885 1924 1859
1964 274 275
1929 2009 1928
2057 1824 2119
2340 1203 1922
1937 1747 1746
1892 1952 1891
1915 268 16
1950 1946 1947
24 1861 1799
1861 23 1826
1890 1955 22
1955 1890 2022
1895 1214 1333
1864 1863 2250
1807 2359 1817
1863 1864 2359
1898 1897 1963
1865 1381 1899
1865 1832 1960
1900 1425 1211
1901 1960 1832
1212 1904 1213
1900 1958 1833
1867 5 1875
1905 1906 1867
1904 1835 1213
1789 1868 1836
1853 1817 1868
1841 1836 1873
1870 1869 1837
1838 1871 1837
1870 1783 1803
1774 2294 1871
1837 1871 1870
1873 1811 1872
1869 1836 1841
1845 4 234
1875 4 1844
1849 1874 1834
2092 2030 2091
1875 1849 1905
2030 2087 2088
2203 2162 2199
1908 1973 2034
1978 1195 1401
1857 1909 2035
1981 2036 1878
1911 1879 1983
2361 1752 1751
1880 2361 1910
2369 1983 1984
1911 1971 1755
1750 1749 1914
1910 2361 1982
1982 1913 2038
15 14 1916
1991 1990 1881
1921 1920 1202
2413 1201 1200
1924 9 8
1925 8 7
2097 2363 1919
1882 1917 1919
1924 1885 9
2008 1859 1924
2045 1885 1859
1925 1927 1924
1929 1207 1206
2010 1930 2009
2057 2058 2011
2076 1866 2054
2012 2059 1932
1934 1745 1744
1744 1743 1827
1985 2014 2015
1858 1912 1985
1889 1827 1828
20 1952 1951
1941 19 18
2408 18 294
1892 1891 1943
1940 1951 2021
238 1952 20
1941 1891 19
268 1915 1989
2408 1942 1941
1956 2022 1954
1826 1956 1829
2359 1894 1863
1835 1895 1333
1963 2250 1835
1214 1895 1863
1863 1895 2250
2250 1895 1835
1904 1902 1962
1864 1897 1812
2250 1963 1897
1818 1898 1896
1818 1896 2242
1900 1899 1425
1211 1210 1958
1959 1900 1833
1901 1832 1959
1865 1902 1382
1903 1901 2026
1896 1898 2407
1960 1962 1902
1906 1905 1834
1875 1905 1867
274 2027 6
1870 1871 1783
1874 1849 1801
2247 1834 1874
2092 1874 1851
1965 1907 1846
1907 2087 2030
1969 1968 1795
1968 1970 2031
2034 1973 1974
2035 1978 1857
1978 1979 1981
1979 2036 1981
1753 2361 1880
1751 1982 2361
1982 2038 1910
2205 2203 2204
1971 1972 1970
1754 1911 1755
1748 1747 1912
1914 2044 1913
1985 1912 1937
2044 1914 1912
1913 1982 1750
2062 1988 2061
268 1989 17
13 1991 1916
1917 1882 1991
1991 13 12
1919 1917 11
10 1918 1919
12 1917 1991
1885 1918 10
2097 1918 2045
1995 2166 1990
2097 1919 1918
1882 1919 2363
1922 1203 1920
1202 1503 1996
1931 1205 1933
2413 1923 1201
1200 1199 2006
2049 1923 2419
1925 1924 8
1926 1925 7
7 6 1926
1886 2007 1927
2008 1927 2052
1886 1927 1925
1929 1928 1207
1930 1928 2009
1931 1929 1206
1932 2009 1929
1412 2053 1414
2053 1930 2011
1932 1931 1887
1933 2055 1887
1887 2012 1932
1929 1931 1932
1204 1933 1205
1887 1931 1933
1889 1934 1744
1888 1934 1935
1889 1936 1934
2103 1935 1936
1934 1936 1935
1888 1937 1746
1938 2014 1935
1938 2015 2014
1938 2103 1939
2017 1986 2016
2024 2023 2066
1858 2016 1986
1951 2018 2303
1890 21 2018
2408 1941 18
17 2408 294
1989 2408 17
1893 1942 2408
1988 1893 1989
1947 1945 1942
1942 1893 1947
1943 1945 2406
1941 1943 1891
1950 1947 1893
1945 1943 1942
1941 1942 1943
1947 1946 1945
2020 1944 1946
2367 1798 2190
1944 1945 1946
1944 2178 2141
2172 2173 2175
1949 1950 2062
1950 1949 2063
20 1951 2303
2021 1951 1952
1952 238 1891
1953 2022 1890
1953 1890 2018
1954 2022 2064
1954 1957 1956
1955 2022 1956
1957 1954 1830
1955 1956 1826
1828 1957 1830
1829 1956 1957
1833 1958 2078
1959 1833 2084
1899 1900 1959
1959 1832 1899
1901 1903 1960
1962 1960 1903
2026 1961 1903
1963 1962 2407
2407 1962 1903
1904 1962 1963
1867 1964 275
2027 1964 1906
2249 1834 2247
1965 1846 1966
1965 1775 2087
2296 1966 1846
2244 2241 2239
1965 1967 1775
2302 2243 2244
1907 1965 2087
2087 2029 2088
2247 2092 2091
1969 1795 1820
1968 1969 1970
1971 1969 1820
2031 1970 1876
1979 1980 2036
1971 1911 1972
1969 1971 1970
1983 1972 1911
1876 1972 2369
1974 1973 1198
2006 1973 1908
1197 1974 1198
1975 1909 1857
2035 1909 1976
1976 1909 1877
2094 1909 1975
2161 2133 1977
2123 2411 1821
1978 2035 1195
1977 1857 1981
1978 1401 1979
1857 1978 1981
1980 1979 1400
1194 1980 1400
1980 1855 2032
1977 1981 1878
2360 1880 1910
1910 2037 2042
2360 2042 1984
1972 1983 2369
2360 1984 1983
1985 1937 2014
2015 1858 1985
1912 1858 2044
2416 1986 2017
1858 1986 2044
1913 1750 1914
1988 1989 1915
1989 1893 2408
2061 1988 1915
1893 1988 2062
2362 1995 1990
1993 1990 2166
1990 1991 2362
2138 2139 2136
1993 1881 1990
2251 1993 1992
1881 1993 2253
2135 1992 2111
1916 1994 15
2046 2097 2045
1882 2363 2362
1202 1996 2048
2048 1921 1202
1999 1997 2001
2206 2208 1823
1921 2048 1997
2000 1999 1998
2049 1996 1923
1999 2001 2420
1999 2002 1997
2001 2049 2211
2001 2048 2049
2050 2002 2279
2000 2269 2005
2005 2002 2000
2279 2002 2005
2050 1922 1883
2275 2270 2412
1884 2056 2003
2050 2003 1922
1441 2340 2004
2267 2005 2269
2005 2278 2279
2266 2413 2006
1200 2006 2413
1973 2006 1199
1886 2079 2007
1927 2007 2052
2008 2051 2046
1932 2059 2009
2011 2054 2053
1930 2010 2011
2057 2011 2010
2054 2011 2058
2053 2054 1209
1800 2075 2076
1209 1414 2053
1866 1209 2054
2055 1933 2004
2055 2056 2259
1860 2259 2258
2013 2059 2060
2059 2012 2060
1888 2014 1937
1935 2014 1888
2016 2015 2069
2067 1939 2066
2037 2039 2041
1953 2018 1940
1951 1940 2018
2368 1940 2021
2061 1987 2252
2101 2062 2061
1946 1950 2063
1892 2409 1952
2064 2022 1953
1830 2065 1936
1958 1866 2025
2025 2075 2078
2078 1958 2025
2104 1833 2078
1896 1961 2240
1964 2027 274
2249 1906 1834
2090 2091 2030
2145 2007 2263
2027 1926 6
1926 2027 2079
1901 2083 2026
2087 2081 2029
1907 2092 1851
2032 2031 2201
1968 2032 1855
2032 2201 2036
2033 2034 1877
2094 2411 2033
2034 1974 1877
2108 2411 2123
1976 1196 2035
2133 2095 1977
2032 2036 1980
2201 1878 2036
2039 2037 2038
2043 2042 2037
1984 2042 2205
2044 1986 1913
2040 2039 2416
2041 2040 2096
2016 2069 2017
2017 2074 2073
2096 2151 2109
2042 2043 2205
2040 2041 2039
2043 2037 2041
2042 2360 1910
2038 1913 1986
1885 2045 1918
2046 2045 1859
2008 2046 1859
2047 2046 2163
2049 2048 1996
1997 2048 2001
1997 2002 1883
2003 2340 1922
2004 2340 2003
2266 1908 2414
2266 2006 1908
2008 2052 2051
1930 2053 1412
2076 2054 2058
2057 2013 1824
2055 2259 1860
1887 1860 2012
2056 2055 2004
2003 2056 2004
2100 2013 2060
2058 2057 2118
2057 2010 2013
2013 2010 2059
2058 2118 2077
1824 2182 2146
2009 2059 2010
2012 2099 2060
2100 2099 2112
2099 2257 2112
1987 2061 1915
1893 2062 1950
1949 2101 2415
2064 2023 2065
2023 2024 2065
2103 2065 2024
2065 2103 1936
2023 2191 2190
2024 2066 1939
2367 2192 2193
2068 2017 2069
2067 2068 1939
2067 2066 1798
2068 2067 2070
2068 2070 2074
1939 2068 2069
2074 2070 2072
2074 2017 2068
2071 2073 2074
2071 2074 2072
2096 2040 2073
2017 2073 2416
2076 2075 2025
1866 2076 2025
2077 2076 2058
2077 1800 2076
2118 2119 2216
1800 2077 2105
2080 2027 1906
2007 2079 2263
2263 2079 2080
2027 2080 2079
1775 2244 2245
2081 2028 2082
2084 2104 2028
2104 2085 2082
2084 2083 1901
2246 2083 2028
1959 2084 1901
1833 2104 2084
2075 2085 2078
2084 2028 2083
2082 2028 2104
2075 1800 2085
2085 2086 2082
2086 2085 1800
2086 1800 2105
2029 2082 2086
2088 2029 2086
2030 2088 2090
2089 2088 2086
2180 2143 2089
2088 2089 2090
2089 2143 2090
2142 2091 2090
2092 1907 2030
2130 2194 2131
2034 2033 2149
1909 2094 1877
2411 2094 1975
2095 1821 1975
2094 2033 1877
1977 2095 1857
2109 2162 2043
2151 1796 2109
2136 2363 2047
2046 2047 2097
2138 2136 2110
2055 1860 1887
1860 2099 2012
1824 2013 2100
2099 2100 2060
2100 2112 2182
1822 2113 2415
2101 1822 2415
2114 1948 2113
2101 1949 2062
2061 2252 2101
2251 2102 1822
1993 2111 1992
1992 2102 2251
2063 2020 1946
2063 2116 2365
1939 2103 2024
2085 2104 2078
2144 2180 2181
2182 1824 2100
2132 2093 2414
2129 2108 2107
2108 2132 2033
2214 2213 2128
2051 2187 2163
2262 2276 2261
1993 2166 2111
2165 2139 2138
2237 2232 2236
2102 2164 2237
2102 2113 1822
2019 2365 2177
2235 2236 2232
2116 2115 2167
2102 2237 2113
2125 2194 2129
2116 2167 2177
2115 2116 1948
2063 1948 2116
2236 2115 2114
2170 2177 2167
2156 2153 2155
2167 2168 2140
2170 2172 2177
2117 2179 2019
2105 2089 2086
2216 2089 2105
2105 2077 2118
2105 2118 2216
2057 2119 2118
2080 1906 2249
2181 2180 2217
2149 1908 2034
2122 2196 2266
2107 2108 2123
2126 2134 2124
2107 2126 2127
2174 2214 2173
2107 2123 2126
2213 2150 2125
2194 2125 2131
2127 2126 2124
2107 2127 2125
2123 1821 2126
2127 2124 2128
2124 1796 2152
2152 2151 2155
2129 2107 2125
2131 2125 2150
2188 2130 2131
2108 2129 2132
2093 2132 2129
2201 2031 2202
2197 2198 2134
1821 2095 2417
2417 2134 2126
2124 2134 1796
2096 2109 2041
2109 2043 2041
2162 2109 2198
2163 2110 2047
2052 2186 2185
2220 2221 2187
2363 2136 1995
2110 2136 2047
2260 2277 2137
2111 2139 2165
2189 2172 2170
1944 2141 1825
1824 2146 2119
2181 2106 2144
2142 2090 2143
2248 2142 2120
2142 2143 2144
2142 2144 2120
2184 2106 2148
2217 2146 2147
2147 2146 2182
2183 2121 2182
2148 2147 2121
2148 2181 2147
2146 2217 2119
2148 2121 2219
2106 2184 2145
2149 2132 2414
2214 2176 2173
2188 2189 2171
2073 2071 2364
2151 2152 1796
2364 2151 2096
2152 2155 2153
2124 2152 2128
2364 2154 2155
2214 2153 2176
2152 2153 2128
2154 2071 2072
2156 2155 2154
2156 2154 2418
2153 2156 2176
2158 2072 2070
2366 2418 2160
2157 2117 2175
2158 2159 2160
1798 2367 2159
1798 2066 2190
2367 2193 2159
1798 2159 2158
2093 2195 2122
1878 2161 1977
2162 2198 2199
2197 2199 2198
2162 2203 2205
2221 2163 2187
2221 2098 2110
2260 2098 2225
2166 2139 2111
2209 2229 2370
2136 2139 1995
2139 2166 1995
2170 2167 2140
2168 2167 2115
2206 1823 2195
2171 2169 2207
2171 2170 2140
2189 2173 2172
2175 2173 2176
2174 2173 2189
2174 2150 2213
2174 2213 2214
2157 2175 2156
2177 2117 2019
2175 2117 2172
2117 2177 2172
2365 2178 2020
2178 2179 2141
2144 2143 2180
2216 2180 2089
2217 2216 2119
2181 2217 2147
2106 2181 2148
2183 2182 2112
2112 2257 2281
2182 2121 2147
2218 2121 2183
2225 2221 2220
2187 2051 2185
2148 2219 2184
2145 2184 2186
2185 2184 2219
2145 2186 2007
2187 2185 2219
2052 2185 2051
2185 2186 2184
2187 2219 2220
2186 2052 2007
2213 2125 2127
2188 2150 2174
2188 2171 2130
2171 2189 2170
2174 2189 2188
2064 2191 2023
2023 2190 2066
2064 1953 2191
2222 2367 2190
2410 2222 2368
2141 2193 1825
1825 2193 2192
2193 2160 2159
2193 2141 2215
2193 2215 2160
2129 2194 2093
2093 2194 2195
2122 2195 1823
2122 1823 2196
2224 2208 2212
2206 2130 2207
2194 2130 2195
2109 1796 2198
2134 2198 1796
2161 2200 2199
2200 2203 2199
1878 2200 2161
1878 2201 2200
1876 2202 2031
2201 2202 2200
2204 2203 2200
2162 2205 2043
2369 1984 2204
2200 2202 2204
2205 2204 1984
2168 2236 1797
2171 2140 2169
2169 2140 2168
2168 1797 2169
2210 2207 2169
2130 2171 2207
2210 1797 2223
2208 2206 2209
2212 2208 2370
2000 2226 2269
2209 2207 2210
2210 2169 1797
2229 2209 2210
1998 1999 2420
1823 2208 2224
2212 1998 2420
2127 2128 2213
2153 2214 2128
2215 2157 2366
2179 2215 2141
2178 2019 2179
2216 2217 2180
2219 2121 2220
2218 2220 2121
2220 2218 2225
2218 2280 2225
2098 2221 2225
2163 2221 2110
2150 2188 2131
1953 1940 2191
2368 2191 1940
2409 2368 2021
2191 2368 2222
2191 2222 2190
2130 2206 2195
2209 2206 2207
2212 2370 2227
2276 2268 2270
2230 2226 2227
1797 2235 2223
2229 2210 2223
2227 1998 2212
2224 2196 1823
2196 2224 2211
2183 2112 2281
2260 2225 2280
1998 2226 2000
2226 2230 2269
2230 2227 2370
1998 2227 2226
2223 2235 2228
2231 2233 2228
2164 2232 2237
2230 2229 2228
2230 2370 2229
2232 2234 2231
2234 2164 2135
2135 2265 2412
2231 2235 2232
2231 2234 2272
2223 2228 2229
2231 2228 2235
2230 2228 2371
2164 2234 2232
2236 2235 1797
2115 2236 2168
2113 2237 2114
2114 2237 2236
2302 2238 2242
1779 2239 1808
2238 2357 2242
2302 2239 2238
2244 1967 2241
2240 1961 2243
2302 2242 2240
2239 2241 1808
2240 2242 1896
1961 2246 2243
2245 2028 2081
2245 2244 2243
1967 2244 1775
2239 2302 2244
1961 2026 2246
2026 2083 2246
2245 2081 1775
2246 2245 2243
2245 2246 2028
1791 1779 1793
1854 1819 1785
2248 2091 2142
2264 2080 2249
2120 2145 2263
2091 2248 2247
2248 2264 2247
2263 2264 2120
2092 2247 1874
1972 1876 1970
2202 2369 2204
2252 1822 2101
2253 2251 2252
2251 1822 2252
1993 2251 2253
2253 2252 1987
1994 2253 1987
2255 2258 2254
1884 2259 2056
2259 2254 2258
2254 2259 1884
2279 1884 2050
2254 2278 2255
2256 2258 2255
2258 2257 1860
2257 2256 2281
2255 2261 2256
2258 2256 2257
2099 1860 2257
2046 2051 2163
2261 2260 2280
2277 2261 2276
2262 2261 2255
2264 2263 2080
2264 2249 2247
2120 2264 2248
2154 2364 2071
2151 2364 2155
1798 2158 2067
2070 2067 2158
2111 2265 2135
2165 2265 2111
2419 2266 2196
2267 2371 2271
2371 2267 2269
2371 2269 2230
2272 2271 2233
2274 2165 2138
2267 2271 2268
2231 2272 2233
2271 2270 2268
2412 2272 2234
2270 2271 2272
2273 2275 2274
2137 2274 2138
2273 2270 2275
2260 2137 2098
2273 2274 2137
2165 2274 2275
2276 2270 2273
2165 2275 2265
2276 2273 2277
2276 2262 2268
2137 2277 2273
2261 2277 2260
2005 2267 2278
2135 2412 2234
2275 2412 2265
2255 2278 2262
2279 2278 2254
1884 2279 2254
2218 2183 2281
2256 2280 2281
2261 2280 2256
2281 2280 2218
2282 188 96
317 363 316
390 363 317
699 643 673
1096 2287 998
811 2284 659
2286 964 1043
2283 1071 806
998 1076 1079
2287 1076 998
1093 2285 810
2287 1096 814
1249 2289 1230
1235 1232 2290
1269 2288 1263
595 1284 2291
1377 2291 1284
1248 1245 1286
2292 1229 2289
1231 1287 1249
2290 2293 1235
2293 1288 1235
1292 1290 1257
1636 1521 1457
1636 1457 1424
1871 2294 1783
2297 2295 1788
2297 1793 2301
2295 2298 1773
1788 1772 2297
2300 2299 2404
1819 2238 1779
1791 1819 1779
2296 1806 1843
2301 2295 2297
1992 2135 2164
1992 2164 2102
2243 2302 2240
105 142 28
129 39 120
2303 191 193
119 128 582
223 224 61
104 2305 154
146 304 148
2307 578 107
215 2308 214
137 169 49
172 146 149
140 750 199
2304 212 126
590 593 224
273 63 334
192 162 193
236 162 290
217 240 194
147 250 200
253 170 307
223 61 852
392 2312 395
2313 293 167
195 296 297
2314 390 391
319 2311 186
590 224 223
2315 2380 380
385 384 381
389 390 2314
132 396 397
325 353 417
406 458 460
420 421 2382
325 417 416
420 411 431
417 412 416
424 420 431
2316 418 548
424 2316 421
2317 432 427
430 2316 548
427 432 426
401 399 456
459 2307 460
2317 423 432
489 463 313
2319 365 157
472 2319 495
495 2319 157
2318 499 542
2320 574 520
349 563 527
550 2321 551
578 2307 579
2306 582 183
119 2306 155
225 591 592
754 720 753
635 2322 685
101 697 48
754 753 721
665 2322 680
2322 743 685
783 768 765
770 779 772
788 2323 919
678 791 789
792 2324 786
2310 921 922
817 613 1427
761 756 822
761 822 766
914 966 1114
2323 1099 1132
2325 906 60
788 919 917
798 934 972
941 1051 940
1056 936 1007
1120 1056 732
1036 1064 1063
1080 1081 2326
2326 1102 1082
2328 2326 1101
1163 1160 1165
2329 1162 883
1247 1225 1254
1267 2331 1265
1240 1269 1220
1183 1360 1403
2332 1329 1894
1236 1289 1268
1310 2330 1263
2334 1336 1337
1329 2392 1337
1311 2334 1338
1285 1338 2392
2335 1444 840
1573 2336 1359
2336 1195 1359
1404 2338 1525
1400 1410 1363
1461 2339 1462
1543 1474 1416
1567 1419 1372
2340 1439 1203
2342 599 600
1541 1525 2337
2338 2337 1525
1481 1422 1483
2343 1686 1316
1502 1316 1621
1461 2336 1573
1483 1567 1485
1552 1571 1553
1601 1540 1537
1581 1582 1638
2346 1603 1584
1601 1581 1638
1601 1638 2345
2346 1606 1603
1502 1621 1501
1662 2347 1621
1628 2348 1625
2348 1631 1625
2349 1629 1628
2350 1648 1630
1542 1646 1473
1651 1590 2397
1738 1517 2355
2421 1673 1662
1316 1684 1662
1660 1681 1680
1686 2351 1684
2351 2352 1623
2352 1692 1691
2352 1691 1667
1684 2351 2421
2343 2353 1685
2354 1726 1695
1683 1738 2355
1738 1683 1739
2356 16 15
2356 1915 16
1784 1804 2405
1770 1791 1771
1804 1806 1805
1819 2357 2238
1829 2358 1861
2332 2359 1807
1880 2360 1879
1829 1861 1826
2361 1753 1752
1880 1879 1753
1968 1856 1795
2360 1983 1879
1994 1916 1881
2406 1945 1825
1994 1987 2356
2362 2363 1995
1994 1881 2253
2340 1441 1439
2407 1961 1896
2029 2081 2082
2411 2108 2033
2149 2033 2132
2363 2097 2047
2063 2365 2020
2178 2365 2019
2365 2116 2177
2115 1948 2114
2120 2144 2106
1821 2417 2126
2417 2133 2197
2120 2106 2145
2073 2364 2096
2158 2160 2418
2157 2215 2179
2367 2222 2192
2368 2409 2410
2211 2419 2196
2417 2197 2134
2369 2202 1876
2370 2208 2209
2215 2366 2160
2117 2157 2179
2233 2371 2228
2050 1884 2003
2262 2278 2268
2372 150 105
2 188 2282
2304 130 115
130 2304 129
129 2304 125
20 2303 193
24 25 135
103 76 143
2373 433 298
196 197 215
168 2375 216
195 241 299
258 2375 217
331 330 377
2377 401 285
98 2374 314
2376 2378 479
2379 348 402
272 379 158
2380 131 381
2376 343 283
419 2382 324
2381 451 456
479 2378 478
591 478 2378
406 489 458
2383 540 567
524 561 459
337 2378 2376
2378 337 592
2384 697 101
1136 1138 1139
635 680 2322
2386 1427 1489
2385 762 686
2387 695 830
2387 784 1005
788 2388 1099
932 2389 1006
906 333 60
855 69 68
941 870 831
995 2287 996
695 2387 1005
1030 1036 1034
787 2388 788
1038 942 1060
1038 1060 1039
1073 1075 1078
1073 1078 1077
1073 1077 1067
1102 2388 1049
1098 1136 1139
1121 1125 1124
849 1130 63
1098 1156 1134
2390 1106 1105
1126 1153 1155
614 1346 1486
1215 1285 2392
1337 2391 1335
1337 2392 2334
1264 1379 1305
1474 2393 1542
2335 841 1446
1462 1411 1409
2343 1502 1500
1402 2395 1360
1530 2394 1435
2395 1402 1526
1570 1568 1485
2395 1403 1360
1386 1616 1590
2400 1659 1606
1611 2345 1644
1386 1590 1650
1635 2396 1649
1646 1542 2396
2396 1542 2393
1651 2397 1643
1688 2398 1670
2399 1592 1657
1665 1660 2400
1671 1659 2399
2400 2399 1659
2401 1683 1672
2401 1670 2398
1670 2401 1593
1674 1673 2421
2398 1318 1739
1674 2421 1642
1623 1689 1642
1623 2352 1690
2402 1709 1694
1709 2402 1706
2403 1706 2402
1425 1734 1211
1930 1208 1928
1842 2404 2298
1789 1836 1803
189 2405 3
1845 2405 1804
2406 2410 1892
10 1919 11
1938 1939 2069
1938 2069 2015
1892 1943 2406
2410 2409 1892
2415 2063 1949
1903 1961 2407
1963 2407 1898
2411 1975 1821
2413 2266 2419
2409 2021 1952
2031 2032 1968
2039 1986 2416
2002 2050 1883
2414 1908 2149
1948 2415 2113
2415 1948 2063
2040 2416 2073
2138 2110 2098
2133 2417 2095
2161 2199 2197
2137 2138 2098
2122 2266 2414
2414 2093 2122
2418 2154 2072
2156 2418 2366
2156 2366 2157
2156 2175 2176
2410 2406 2192
1825 2192 2406
2049 2419 2211
2161 2197 2133
2420 2211 2224
2420 2001 2211
2212 2420 2224
2371 2233 2271
2272 2412 2270
2267 2268 2278
1292 1257 1287
2300 2404 1784
2298 2404 2299
2380 381 380
385 381 477
366 2382 421
2382 366 324
1052 1126 1155
1623 2421 2351
1 2405 2
1825 1945 1944
2038 1986 2039
2158 2418 2072
1173 619 620
28 27 1740
28 1740 1741
1174 1173 620
28 1741 1742
1175 1174 620
622 623 624
1181 1180 1179
1747 1748 1749
1746 1747 1749
1745 1746 1749
1744 1745 1749
1744 1749 1750
1744 1750 1751
1743 1744 1751
1742 1743 1751
28 1742 1751
28 1751 1752
28 1752 1753
1758 1192 1191
1182 1181 1179
1182 1179 1178
1182 1178 1177
1183 1182 1177
1184 1183 1177
1184 1177 1176
1185 1184 1176
1185 1176 1175
1185 1175 620
1186 1185 620
621 622 624
620 621 624
620 624 625
620 625 626
620 626 627
620 627 628
35 34 33
35 33 32
1758 1191 1190
1757 1758 1190
32 31 30
35 32 30
630 631 632
629 630 632
632 633 634
629 632 634
30 29 28
35 30 28
38 37 36
38 36 35
38 35 28
38 28 1753
38 1753 1754
1186 620 628
38 1754 1755
38 1755 1756
39 38 1756
40 39 1756
40 1756 1757
40 1757 1190
40 1190 1189
40 1189 1188
40 1188 1187
40 1187 1186
40 1186 628
628 629 634
40 628 634
40 634 635
40 635 636
41 40 636
41 636 637
41 637 638
41 638 47
41 47 46
42 41 46
43 42 46
43 46 45
43 45 44
1217 1216 1759
1217 1759 1760
1218 1217 1760
645 646 1221
644 645 1221
644 1221 1220
643 644 1220
1763 82 81
1763 81 80
1762 1763 80
1762 80 79
643 1220 1219
642 643 1219
1762 79 78
1219 1218 1760
642 1219 1760
641 642 1760
640 641 1760
639 640 1760
1761 1762 78
1761 78 77
74 639 1760
1761 77 76
75 74 1760
76 75 1760
1761 76 1760
86 85 1764
86 1764 1765
96 95 94
96 94 93
96 93 92
2282 96 92
2282 92 91
2282 91 90
1770 1771 1772
1770 1772 1773
1770 1773 2299
1770 2299 2300
1769 1770 2300
1768 1769 2300
1767 1768 2300
2300 1 2282
2300 2282 90
1767 2300 90
1767 90 89
1766 1767 89
1765 1766 89
86 1765 89
87 86 89
87 89 88
1222 648 649
1230 1229 1228
1231 1230 1228
1232 1231 1228
2291 1232 1228
2291 1228 1227
2291 1227 1226
656 657 658
656 658 659
656 659 2284
655 656 2284
654 655 2284
2284 595 2291
654 2284 2291
654 2291 1226
653 654 1226
652 653 1226
652 1226 1225
652 1225 1224
652 1224 1223
652 1223 1222
652 1222 649
652 649 650
651 652 650