4683
4683
4633
3489
3475
3807
3606
3604
3515
4636
4636
3592
3589
3507
4486
4487
3638
3636
3535
4538
3635
3462
3461
4539
4539
3285
3286
4343
18
110
161
100
75
164
105
120
58
123
4344
121
121
108
108
61
82
87
1140
4403
4352
1502
1449
1453
1678
1584
1677
1578
1735
1575
1070
4572
4363
2054
4587
1632
1500
1500
1624
4573
4573
1626
1517
1423
1292
1092
264
4540
152
1029
103
116
99
3318
3318
3259
3259
97
98
101
101
1037
1037
203
277
275
275
4305
463
4548
307
309
4563
377
4540
4348
4533
397
4350
111
170
136
116
1029
208
1030
4535
309
210
112
4399
4344
108
164
101
1031
4537
4355
1036
4346
4537
4536
4552
4373
835
464
4539
1018
4352
308
1183
4354
502
4343
4540
386
155
4353
4361
4349
4353
4533
286
223
306
4348
4399
950
4392
4551
608
834
350
4359
357
187
462
189
4365
4543
4352
4362
380
4353
276
396
398
504
308
217
406
307
309
838
4398
230
510
4368
442
4534
4633
354
4345
4358
4538
4360
4544
4542
4542
1215
4354
4361
576
1265
282
281
277
390
833
490
833
507
398
4355
295
4351
4542
4543
4545
415
1735
802
1002
598
4369
4369
4400
436
438
1043
3315
548
554
457
834
3488
666
4359
670
3658
360
4360
4544
572
573
1001
374
383
388
503
492
4361
395
493
4362
560
680
509
585
4545
672
792
511
802
409
587
573
573
593
3586
530
1763
533
4551
4357
3803
3678
808
695
547
547
605
548
552
4553
554
4547
668
992
668
564
4359
927
842
4365
3637
570
4366
4366
4541
4544
1579
881
831
762
4349
545
576
4362
752
502
561
1022
684
4389
4548
590
4306
4307
520
4368
695
875
591
876
4680
4377
705
707
1040
538
4546
4546
614
4572
4357
600
736
4562
674
605
750
827
611
4553
829
780
558
990
4550
4395
564
564
790
4374
819
724
577
782
849
892
619
803
997
4307
963
4390
4680
708
597
735
602
674
750
612
735
760
745
4546
641
4551
4677
4678
1044
745
4371
4678
824
645
1044
4372
4372
4367
4364
825
746
4364
4373
4373
760
4386
836
4547
4550
674
784
679
4558
847
801
948
936
4378
4379
907
821
719
4379
4379
4381
4554
4380
4679
902
4388
4382
883
4385
4385
907
978
4384
4380
4388
4541
1043
1005
863
824
746
827
778
778
830
827
777
760
761
831
772
832
768
4555
837
776
777
837
4555
795
4558
4560
4387
1017
800
4389
798
935
933
933
803
936
810
959
4391
1009
893
1047
1018
4678
4557
4556
829
832
832
833
835
835
837
992
844
4558
849
984
858
956
873
4392
996
996
959
4393
962
953
963
1000
890
955
902
967
1048
979
1048
891
893
901
1046
1047
984
903
909
1012
4394
982
979
989
4560
1010
1024
4395
932
934
935
854
937
937
947
971
950
1002
962
1007
4559
1005
4393
1008
1008
963
977
1009
4384
976
4396
4396
976
974
977
1011
1011
1010
985
1018
987
4560
1020
4395
998
999
973
4559
741
1008
1011
985
1012
1024
4394
1019
1020
1025
4397
4397
1027
1027
4398
1032
1035
1035
1038
1034
1038
1038
4369
4557
4562
4356
1048
4320
2472
2382
2650
4450
4450
2301
2515
2622
2918
2734
2760
2761
2708
2708
2706
2821
2697
4413
4591
2414
2414
2137
2140
2143
1153
1135
1234
1118
1118
1116
1136
1127
1127
1172
1172
1114
1146
1161
1173
4565
1170
1143
1140
1212
1280
1279
1148
4308
1168
1104
2243
2242
2235
1151
1154
2011
2011
1201
1198
1203
1417
1419
1413
4310
1274
1291
1505
2242
1888
4405
1278
1190
1158
1186
1371
1184
1279
4308
1152
1244
1158
1316
4410
1153
4565
1454
1129
1294
1537
4406
4567
1317
1126
1172
2042
1950
1988
1534
2013
4576
1884
4563
1185
4308
1191
1199
1196
1198
1200
2012
1207
1417
1282
1211
1629
1283
1504
1504
1222
1297
1296
1240
1296
1295
4401
4404
1294
1237
1357
1794
1374
1243
1304
1244
1537
1734
4423
1911
1960
1976
1533
1985
1985
1407
1792
1954
1534
4406
1279
1285
1286
1505
1290
1291
4354
2013
1295
4404
4404
1427
4414
1456
1457
1457
1320
4415
4567
1646
1530
4407
4415
1358
4407
1360
4408
2006
4408
2004
1344
1360
1541
1458
1459
4408
2059
1642
2000
4407
4569
1366
4411
4578
4578
4410
1372
4410
4411
1452
1452
1455
1540
1553
4420
1802
1847
1768
1721
1772
2052
1621
4312
1410
1974
1414
4315
4310
1533
1514
4316
1518
1892
4413
1954
1636
2013
1646
4415
1534
1440
1441
1460
2025
1647
1649
4568
4574
1453
1502
1455
1540
1541
1460
1545
1568
4441
4597
1818
1803
2619
1602
1601
1484
1702
4587
1707
1764
4363
2457
1768
4573
1772
1503
1505
1514
1780
1780
1518
1629
1518
1626
1641
1533
1536
1539
4574
1541
2296
1547
1550
1558
1568
2016
1656
1652
2613
2015
2016
4429
1734
2014
2015
1577
1735
1741
1742
1680
1681
2845
1588
1600
1681
1683
1682
1695
1602
1683
1845
1612
1848
1697
4572
1816
1773
1968
1966
1632
1636
2116
4416
1789
1643
4419
1645
4419
2025
4412
4412
1841
1553
1653
1685
1899
1900
1688
1731
1670
4571
1902
4420
1810
4422
1728
1807
1832
4421
4574
4579
1681
1683
1693
1695
2034
1842
1845
1906
1695
1697
1854
1913
1710
1764
1715
1910
2051
1717
2458
1921
1942
4311
1947
4416
1881
2088
1893
1734
1806
4420
2046
1807
2026
1749
1827
1755
1757
1907
1955
1762
1764
1825
1908
1873
1717
1926
1971
1880
1878
1780
1935
1945
4575
4575
1980
4314
1965
1879
1950
1797
1891
1888
4576
4571
4422
1809
2047
1818
1915
1915
1956
2018
2018
1909
1957
1839
2098
2099
2098
2099
2028
1914
1875
1859
1869
1913
1958
4577
1870
1920
1970
4577
1866
4577
1994
4580
4580
2055
1986
1937
4311
1940
1994
1951
1884
1891
4584
1996
4421
4681
1899
2127
2124
4423
2044
1956
1957
4580
1916
1958
4424
4424
1924
1924
4583
1934
1930
1932
4312
1988
4583
1941
4581
4314
4583
4582
4313
4425
4425
4426
1956
2053
2055
1993
1994
2053
1992
1973
1986
1987
4315
1980
1983
4316
1985
4588
4570
1957
4427
4584
2078
2084
4589
4589
2010
2012
2012
2116
2123
2018
2134
4416
2037
2031
2036
2044
2048
4423
4586
2047
2036
4586
4586
4681
2031
2047
2049
4587
2055
4417
2057
4588
2109
4585
2126
4564
4585
2136
2135
2136
2087
2104
2136
2086
2088
2103
2100
2100
2102
2100
4590
2108
4681
4588
2129
2110
2133
4428
2115
4429
4428
2133
4428
2125
2129
2128
2129
2131
2133
2134
2289
2292
2354
2423
2425
2492
2591
2493
2590
2527
4433
2526
2661
2531
2444
2444
2443
2451
2300
3211
3442
3713
4443
3819
3701
3701
3766
3765
3601
3743
4449
3620
3620
3612
3610
4630
3778
3552
4629
3473
3477
3543
4592
3218
2305
2226
2276
4432
2247
2251
2251
2190
4430
2252
2241
2258
4323
4317
4324
4318
2575
2250
4326
4435
2259
2307
2307
4432
2269
2259
2242
2235
4322
2246
4430
4322
4324
2269
2251
2247
2260
4430
2233
2260
4674
2265
2262
2250
2263
2409
4436
4595
4431
2342
4431
4435
4432
2341
2276
2282
2342
2282
2333
2415
2415
3006
3168
2666
2450
3250
2451
4321
4592
4322
4674
4326
4435
4327
2389
4674
2320
2474
2474
2328
2466
2396
2338
2398
2341
2409
2396
2342
4595
2346
2406
2412
2480
4436
4439
2354
2953
2430
3033
4475
3132
4622
3194
2992
2538
2535
2386
2555
2682
2473
2475
2386
4438
2392
2478
2556
3541
2396
4593
4437
4594
4440
2576
2566
2409
2689
2482
2431
2429
4591
2497
2424
2427
2424
2496
2695
2595
2912
3196
3069
2842
3171
4443
4604
2775
2775
4445
3215
2534
2650
2809
2457
2554
2554
2855
4448
2856
2564
2565
2766
4321
2475
4595
3198
3469
3555
2814
2585
2695
4608
2905
2911
2596
2701
2960
2722
2732
2840
2833
2678
2634
2651
2844
4445
3710
4602
4604
4444
2540
2534
2537
2665
4598
4445
4598
3849
2676
3777
3199
4447
2556
2563
4448
2687
2687
4453
2689
4329
4629
2577
4566
3023
2585
2819
2704
2952
2848
2591
4601
2728
2725
2601
4505
2725
4505
2608
2610
4441
2839
4597
2760
2631
2621
2631
2849
2849
2646
2993
2768
2674
4329
2646
2647
2674
4456
4598
2712
2832
2662
2663
2664
2869
2799
2808
2768
2649
4471
4596
2682
2686
2685
2687
2688
2689
4453
3200
4457
2810
4603
4591
3023
2821
4566
2819
2785
2819
2905
3029
2711
2831
2714
2732
3107
4599
4465
4599
3599
3190
3112
3169
2742
2837
3134
2842
2846
2751
2842
3204
2755
3208
4473
2848
2920
2855
4328
2923
2664
2775
4452
4602
2942
3201
3202
4601
2893
2898
2894
2796
2805
2801
4459
2802
2902
4459
4451
4611
4447
2988
2891
2956
2911
2911
2912
2827
2963
4458
4458
2833
3194
2903
2917
3192
2838
2918
2918
3205
3203
3205
2853
2854
4457
4603
2922
4603
4458
2925
4456
2877
2926
2873
2924
2924
3072
2996
4462
4460
2886
4461
3009
2796
3015
3014
2902
4608
2906
4614
4620
2916
3004
2925
3192
2921
2924
3069
4463
3061
4464
3053
3013
4606
3013
3026
2942
2945
4607
3010
3201
2949
2986
4605
3009
3031
3035
3044
4466
2964
4682
3049
4468
3140
2987
4469
4469
4470
4468
3206
3020
3206
4609
4329
2993
4463
3001
3055
3071
4624
4612
4607
3014
4610
3017
4470
4609
4608
4612
3030
3034
3029
3061
3045
4614
3089
4617
4615
3044
4475
3049
3055
4615
3057
4480
3090
3059
4620
4616
4618
4621
4623
3070
3070
3072
3072
3076
4476
4476
3091
4618
4481
4482
4477
3114
4613
4624
4625
4480
4479
3165
4626
4483
3132
3147
3196
3129
3167
3178
3131
3131
3135
3175
4628
3195
3147
4627
3147
3188
3149
3188
3183
3159
3159
3183
3162
3164
3168
3168
3173
3174
3209
3177
4483
3195
3193
3191
3189
3191
3194
3196
4629
3200
3205
3207
4485
4622
3293
3393
3294
3525
3622
3524
3627
3580
3580
3504
3726
3575
4496
4497
3579
3579
3443
3264
3231
3288
3288
3277
3322
3322
3305
3308
3327
3336
3316
3312
4489
4489
4334
4333
3484
4227
3402
3332
3338
4337
3401
3306
3405
4330
4675
4231
3307
3318
4334
4632
3438
4489
3434
4332
3284
4498
4131
4207
4268
3460
3912
3563
3401
4632
4634
4490
4490
4493
4218
3434
3434
3486
3547
3371
3435
3400
3371
3479
3550
4491
3692
4644
4243
4185
4022
4684
4495
3528
3666
4495
3797
3393
3671
3905
3804
3545
4632
3485
3482
3334
3409
3487
4631
4338
3489
4634
3683
3423
3421
3563
3429
3811
3438
3479
4231
3813
4498
3928
3725
3839
4258
4495
3385
3544
3547
3555
3889
3678
3479
3487
3562
4330
3486
3486
4238
3560
4526
3927
4135
4499
4497
4504
3741
4649
4531
3837
3767
3934
3785
3624
3660
3658
4640
3867
4434
3545
4506
3548
4643
3671
3670
3904
3558
4642
3677
3560
3983
3921
4650
3924
3835
3697
3723
3836
3726
4487
4500
3592
3837
4636
3598
3746
3844
3748
3604
3609
3808
3768
4630
3619
4630
3621
3770
3779
3626
3785
3872
3784
4638
4637
4173
3647
3647
4639
4684
4684
3947
3648
4652
4641
3867
3790
4646
4172
3664
3665
3667
3667
3800
3904
3673
4642
3677
4643
3803
3687
3683
4223
4647
3696
4239
3696
4239
3766
3817
4644
3819
4061
3711
3712
3821
3715
3584
4499
4142
3722
4685
4502
3730
3728
3735
3733
4341
4244
4504
4503
3841
3843
4192
4156
4189
4669
4649
4531
3855
4295
3847
4107
3848
3862
3862
3774
3935
3936
3785
4638
3829
3887
3790
4512
4511
4646
3796
4114
3949
3889
4226
3897
4229
4507
3921
4647
4647
4509
3985
3819
3822
3834
4685
4685
4653
4011
3835
4139
3826
3838
4259
4510
3842
4666
4649
4259
4107
3849
3850
3934
4248
3982
3890
3862
3937
3943
3942
4652
4115
3872
4114
4269
3883
4638
4269
4266
4686
4653
3885
3909
3891
3980
3950
3897
4263
4507
4507
4226
3907
3950
3978
3810
3918
4089
4024
4235
4238
4659
3927
4655
4519
4510
4657
4258
3952
4241
4341
3949
3950
3981
4518
4000
4508
4130
4654
4271
4187
4651
4514
4514
4513
4529
3982
4090
4518
4166
4659
3996
4044
4108
4516
4159
4160
4123
4177
4171
4509
4667
4525
4340
4070
4657
4657
4071
4145
4162
4232
4088
4515
4518
4034
4095
4099
4650
4171
4267
4047
4160
4660
4267
4663
4662
4686
4120
4528
4667
4139
4259
4341
4290
4071
4073
4208
4154
4111
4148
4085
4079
4112
4663
4663
4513
4512
4529
4164
4092
4095
4301
4105
4105
4107
4106
4171
4112
4176
4176
4665
4122
4129
4177
4524
4667
4131
4656
4141
4137
4526
4138
4240
4142
4178
4178
4527
4527
4183
4669
4670
4159
4160
4528
4164
4164
4304
4165
4167
4170
4522
4203
4670
4188
4192
4192
4530
4203
4275
4279
4206
4671
4296
4207
4210
4210
4491
4224
4342
4218
4219
4342
4224
4229
4229
4264
4265
4264
3548
4244
4245
4504
4300
4298
4303
4258
4257
4250
4294
4303
4532
4263
4265
4297
4658
4673
4673
4275
4672
4671
4672
4293
4288
4297
4292
4294
4673
4300
4304
4304
4534
4312
4310
4315
4311
4575
4319
4323
4325
4321
4323
4326
4330
4339
4338
4339
4676
4676
4675
4339
4342
4538
4537
4348
4399
4397
4351
307
4412
4368
4364
4365
4372
4370
4384
4388
4393
4392
4394
4396
4565
4417
4411
4418
4427
1916
4427
4429
4436
4431
4493
2682
4594
4597
4456
4452
4452
4446
4505
2631
4450
4599
2894
4607
4464
4466
4468
4469
4470
4682
4625
4482
4483
4484
4502
4491
4492
4493
4499
4496
4503
4510
4519
4513
4662
4522
4523
4526
4527
4671
4533
4541
4548
4545
4561
4547
4562
4550
4677
4555
4680
4559
4563
4567
4566
4576
4584
4571
4589
4593
4594
4611
4601
4604
4611
4612
4622
4617
4617
4620
4628
4628
4676
4683
4665
4643
3728
4646
4664
4644
4672
4645
4659
4652
4653
4655
4686
4666
4670
4682
