-0.174899 0.076579 0.019992
-0.169449 0.067074 0.032364
-0.167918 0.045314 0.034190
-0.161264 0.016282 0.038676
-0.158950 -0.005514 0.039897
-0.163236 -0.063901 0.045589
-0.168924 -0.084530 0.040762
-0.173970 -0.104439 0.042043
-0.179104 -0.120508 0.037464
-0.187676 -0.149075 0.029462
-0.193161 -0.172033 0.028484
-0.196699 -0.191924 0.027539
-0.200705 -0.211808 0.026310
-0.203816 -0.230306 0.026343
-0.207919 -0.248098 0.023536
-0.210749 -0.268432 0.025014
-0.218603 -0.307865 0.024153
-0.227200 -0.344922 0.026021
-0.231338 -0.363635 0.024217
-0.242852 -0.410371 0.034360
-0.250816 -0.442715 0.025808
-0.255748 -0.462795 0.030095
-0.264109 -0.501766 0.036203
-0.265948 -0.520206 0.040322
-0.267188 -0.536067 0.045889
-0.268116 -0.538422 0.045290
-0.267847 -0.540486 0.044229
-0.266845 -0.543934 0.064646
-0.260528 -0.542828 0.083100
-0.253711 -0.542040 0.100286
-0.245288 -0.541240 0.116688
-0.236421 -0.540757 0.132854
-0.225981 -0.540204 0.147955
-0.214222 -0.539813 0.162081
-0.202049 -0.539789 0.175934
-0.188569 -0.539638 0.188715
-0.174347 -0.539719 0.200761
-0.159605 -0.540069 0.212362
-0.143793 -0.540437 0.222721
-0.127242 -0.540888 0.232183
-0.110211 -0.541409 0.240925
-0.092482 -0.542000 0.248578
-0.074351 -0.542610 0.255458
-0.055628 -0.543115 0.261169
-0.036564 -0.543506 0.266139
-0.017125 -0.543653 0.269939
0.002584 -0.543628 0.272356
0.002314 -0.505300 0.265158
-0.004697 -0.465265 0.254548
0.001898 -0.449073 0.250881
0.000110 -0.427710 0.245094
-0.002754 -0.408545 0.239933
-0.000025 -0.351066 0.226380
0.010911 -0.321760 0.219792
0.007616 -0.302217 0.215167
0.003217 -0.261676 0.206347
0.002344 -0.243179 0.202525
0.001896 -0.207005 0.196107
0.003017 -0.188364 0.193037
0.003931 -0.169360 0.190190
0.000206 -0.128851 0.183432
0.002686 -0.061585 0.171113
0.004089 -0.046676 0.167790
0.003632 -0.025854 0.162536
-0.000945 -0.005379 0.158446
0.012642 0.005296 0.156839
0.008537 0.022874 0.155339
0.004348 0.040809 0.154479
0.012966 0.051773 0.153178
0.003141 0.078936 0.148041
0.000043 0.098999 0.140505
-0.003254 0.121607 0.129256
-0.000204 0.138325 0.119707
0.000592 0.187711 0.086372
-0.021241 0.189115 0.084109
-0.041950 0.196019 0.077530
-0.060877 0.208043 0.066323
-0.074336 0.226356 0.049817
-0.084059 0.245212 0.028799
-0.089968 0.261423 0.006733
-0.096113 0.274059 -0.019844
-0.095573 0.272577 -0.049344
-0.109770 0.272238 -0.037730
-0.128545 0.268407 -0.037962
-0.145053 0.266914 -0.034335
-0.155466 0.270372 -0.010031
-0.154736 0.266115 0.010357
-0.151267 0.253827 0.027571
-0.146466 0.235609 0.039507
-0.142393 0.215234 0.049467
-0.138008 0.193032 0.059095
-0.139051 0.169822 0.068704
-0.144148 0.146770 0.075298
-0.151758 0.126338 0.075712
-0.158532 0.106303 0.066894
-0.165625 0.089898 0.048413
-0.254800 -0.502370 0.086395
-0.099558 -0.434496 0.222236
-0.056242 -0.486394 0.250435
-0.029325 -0.514433 0.262785
0.004554 -0.525893 0.269727
-0.046661 0.161051 0.103298
-0.042529 0.181661 0.087916
-0.119029 0.271654 -0.018667
-0.260152 -0.528618 0.081201
-0.239414 -0.504591 0.120803
-0.183091 -0.448877 0.172890
-0.136673 0.271239 -0.019152
-0.062993 -0.524316 0.256268
-0.026795 -0.532024 0.266543
-0.105284 0.269259 -0.006299
-0.078130 0.212275 0.059911
-0.239037 -0.524207 0.125444
-0.104577 0.253840 0.018639
-0.150736 -0.494263 0.209797
-0.043961 -0.530119 0.262544
-0.228922 -0.524475 0.141465
-0.136738 0.259826 0.019546
-0.098973 -0.519991 0.242850
-0.133938 -0.524281 0.226207
-0.082238 -0.532173 0.251277
-0.205882 -0.525484 0.169580
-0.138211 0.246585 0.032214
-0.122634 0.249541 0.026806
-0.171844 -0.525965 0.200869
-0.188787 -0.517926 0.185409
-0.131618 0.229370 0.042516
-0.080085 -0.512423 0.248507
-0.155046 -0.520828 0.212482
-0.143763 -0.508279 0.217471
-0.116295 -0.112592 0.134839
-0.106508 0.001652 0.126541
-0.152918 0.059804 0.093177
-0.253854 -0.471058 0.066304
-0.263604 -0.508060 0.057487
-0.209114 -0.373653 0.114658
-0.020387 -0.477847 0.255838
-0.018936 -0.499310 0.261351
-0.012471 -0.520746 0.266877
-0.022111 0.147837 0.113400
-0.100287 0.125871 0.118518
-0.264451 -0.525955 0.061672
-0.062662 0.190835 0.078547
-0.057590 0.172750 0.093096
-0.080383 0.194934 0.072582
-0.104515 0.169217 0.084834
-0.066381 0.153462 0.107138
-0.078885 0.175994 0.087095
-0.100591 0.184910 0.075617
-0.250749 -0.512328 0.101128
-0.218178 -0.519182 0.154719
-0.059865 -0.502596 0.252979
-0.076044 -0.489336 0.245351
-0.119036 0.264802 0.005629
-0.118939 -0.521823 0.233837
-0.065524 -0.213887 0.183984
-0.166237 -0.183383 0.101403
-0.066600 -0.112664 0.166179
-0.053631 0.020758 0.152159
-0.159220 0.090348 0.067015
-0.162571 0.060483 0.059364
-0.243483 -0.429077 0.067813
-0.256136 -0.469343 0.048032
-0.260165 -0.488680 0.051809
-0.258110 -0.492933 0.068826
-0.260793 -0.510980 0.073348
-0.224697 -0.369436 0.077415
-0.024643 -0.403305 0.236139
-0.007174 -0.485194 0.259348
-0.056074 0.116099 0.134690
-0.019918 0.127741 0.126298
-0.123015 0.181398 0.070356
-0.111034 0.148754 0.096194
-0.227766 -0.506393 0.139368
-0.202360 -0.506579 0.170060
-0.214515 -0.495173 0.154043
-0.036759 -0.495286 0.257003
-0.040641 -0.480505 0.252790
-0.059052 -0.451925 0.241009
-0.068506 -0.471109 0.243337
-0.046003 -0.512460 0.258626
-0.099787 -0.466261 0.230439
-0.106439 -0.485845 0.232278
-0.087718 -0.475140 0.237760
-0.081160 -0.453816 0.234700
-0.197348 -0.237828 0.064315
-0.167910 -0.113674 0.067980
-0.166654 0.078252 0.044473
-0.166566 0.057090 0.042801
-0.160726 0.043492 0.059460
-0.251958 -0.448875 0.044286
-0.249416 -0.447517 0.061608
-0.246313 -0.428494 0.050203
-0.023207 -0.360674 0.226017
-0.026324 -0.326412 0.217415
-0.023632 -0.437004 0.244751
-0.017790 -0.421859 0.241909
-0.012488 0.175248 0.094677
-0.026248 0.164639 0.101664
-0.060740 0.135092 0.121640
-0.032675 0.090383 0.145130
-0.020031 0.107574 0.136691
-0.147047 0.120270 0.082857
-0.134196 0.138276 0.087110
-0.128333 0.159422 0.080028
-0.120213 0.131141 0.102755
-0.135702 0.098817 0.109106
-0.121539 0.113261 0.113967
-0.136927 0.117453 0.096479
-0.198561 -0.484538 0.168622
-0.186730 -0.496206 0.183005
-0.173270 -0.497169 0.194637
-0.030540 -0.459782 0.249464
-0.043561 -0.443230 0.242767
-0.037139 -0.422773 0.238913
-0.044811 -0.404859 0.232644
-0.024569 -0.379566 0.230450
-0.019942 -0.238557 0.199530
-0.002826 -0.226381 0.198969
-0.021505 -0.218375 0.195534
-0.041466 -0.236568 0.195179
-0.210037 -0.278046 0.050054
-0.013848 -0.112995 0.179944
-0.021265 -0.131418 0.182129
-0.160779 -0.080611 0.065640
-0.156095 -0.047267 0.059160
-0.175539 -0.126334 0.055955
-0.165084 -0.096146 0.064086
-0.182295 -0.139305 0.044395
-0.013541 0.014805 0.155156
-0.153959 0.004555 0.058304
-0.154030 -0.013260 0.058082
-0.159689 0.072045 0.070309
-0.163707 0.034696 0.043379
-0.156866 0.051670 0.078861
-0.241636 -0.412639 0.054268
-0.244557 -0.489970 0.105243
-0.235579 -0.380389 0.030677
-0.228683 -0.356565 0.041764
-0.004418 -0.366534 0.229770
-0.003673 -0.332662 0.221683
-0.011169 -0.290336 0.211437
-0.015561 -0.270316 0.206855
-0.041537 -0.257608 0.199707
-0.007660 -0.386180 0.234193
-0.049577 0.145765 0.114279
-0.038128 0.131680 0.124165
-0.079506 0.120108 0.129856
-0.097673 0.141157 0.107992
-0.077745 0.140717 0.114961
-0.034228 0.117136 0.133202
-0.014602 0.087488 0.145317
-0.047983 0.101762 0.141800
-0.226396 -0.491352 0.138005
-0.183227 -0.472699 0.179565
-0.065521 -0.404209 0.227300
-0.067087 -0.382123 0.220819
-0.047041 -0.370815 0.223370
-0.063562 -0.359057 0.216338
-0.083608 -0.416879 0.224307
-0.061875 -0.421830 0.232679
-0.015884 -0.196563 0.193012
-0.013568 -0.180430 0.190658
-0.021508 -0.165535 0.187348
-0.012206 -0.253215 0.203890
-0.026622 -0.252719 0.201829
-0.204231 -0.240972 0.041004
-0.214036 -0.285572 0.028545
-0.215268 -0.297370 0.043485
-0.002136 -0.093839 0.177429
-0.013335 -0.073472 0.172648
-0.048189 -0.097255 0.170482
-0.019451 -0.054899 0.168197
-0.161837 -0.044074 0.040192
-0.158734 -0.027274 0.046336
-0.157742 -0.105274 0.083757
-0.189821 -0.179188 0.050648
-0.012141 0.033073 0.154608
-0.015764 0.049161 0.154336
-0.035953 0.026931 0.154056
-0.037537 0.009739 0.153777
-0.145605 -0.006827 0.076839
-0.149766 -0.028060 0.070221
-0.156799 0.026518 0.060601
-0.153376 0.035330 0.078911
-0.247282 -0.462168 0.083288
-0.232548 -0.433313 0.102077
-0.241892 -0.441383 0.084442
-0.231552 -0.391740 0.075561
-0.235757 -0.408742 0.075734
-0.224852 -0.401601 0.100642
-0.234251 -0.421574 0.090975
-0.225185 -0.353758 0.059207
-0.221624 -0.321210 0.031598
-0.019496 -0.344426 0.222747
-0.052076 -0.327382 0.212288
-0.042092 -0.347203 0.219432
-0.036143 -0.317225 0.213574
-0.011658 -0.310978 0.215905
0.003249 -0.282495 0.210603
-0.046704 -0.292522 0.206378
-0.096318 0.086655 0.143906
-0.116720 0.095798 0.128668
-0.086399 0.157224 0.099804
-0.014441 0.067657 0.150668
-0.054417 0.086338 0.148646
-0.074233 0.099299 0.143113
-0.075666 0.075921 0.152319
-0.099854 0.107165 0.131736
-0.211741 -0.479322 0.153691
-0.195272 -0.466620 0.166888
-0.171473 -0.478753 0.190949
-0.144503 -0.421224 0.194105
-0.081117 -0.435413 0.229697
-0.042686 -0.163190 0.182708
-0.052942 -0.198067 0.185478
-0.056714 -0.181616 0.180884
-0.194129 -0.201142 0.050599
-0.195225 -0.221949 0.061080
-0.184761 -0.187987 0.070114
-0.177777 -0.195751 0.088033
-0.188588 -0.209603 0.071992
-0.186808 -0.226680 0.083770
-0.192175 -0.248618 0.084060
-0.216143 -0.313191 0.056569
-0.208963 -0.292604 0.066585
-0.204098 -0.273872 0.069404
-0.025106 -0.092593 0.175078
-0.032760 -0.073535 0.170206
-0.044391 -0.060535 0.164858
-0.057794 -0.072686 0.162752
-0.054256 -0.052972 0.159997
0.008508 -0.146576 0.186552
-0.013392 -0.035556 0.164483
-0.013940 -0.018052 0.160139
-0.048157 -0.032408 0.157297
-0.148374 -0.049126 0.077403
-0.034004 0.055951 0.154003
-0.030788 0.040742 0.155113
-0.070376 0.030641 0.154342
-0.069397 -0.002109 0.146296
-0.023798 -0.004455 0.157313
-0.139616 -0.023642 0.086380
-0.122835 0.003228 0.111167
-0.148501 0.041457 0.100260
-0.250639 -0.480828 0.085943
-0.237214 -0.452969 0.101413
-0.233893 -0.483441 0.123189
-0.221989 -0.472788 0.137867
-0.232493 -0.376883 0.054169
-0.238204 -0.396414 0.051913
-0.220866 -0.382924 0.097417
-0.222648 -0.333507 0.047257
-0.064334 -0.339510 0.211696
-0.032023 -0.276784 0.205824
-0.035267 0.074784 0.150132
-0.158548 -0.483355 0.201877
-0.135097 -0.453518 0.209052
-0.081795 -0.371567 0.213075
-0.030114 -0.145267 0.182538
-0.035061 -0.184986 0.187805
-0.107426 -0.184189 0.156151
-0.073340 -0.196777 0.177583
-0.179677 -0.210057 0.089724
-0.173515 -0.174467 0.086644
-0.180405 -0.244022 0.102826
-0.201659 -0.254507 0.062169
-0.207245 -0.261063 0.046532
-0.031989 -0.022690 0.159271
-0.032654 -0.042739 0.163276
-0.048912 0.040504 0.155171
-0.066417 0.043168 0.156630
-0.053979 0.004743 0.150611
-0.048519 -0.009563 0.154652
-0.063952 -0.041439 0.153332
-0.081996 -0.053532 0.147551
-0.073283 -0.065771 0.154610
-0.079622 -0.082665 0.154518
-0.065978 -0.096130 0.163891
-0.087186 -0.102277 0.153950
-0.098847 -0.122208 0.150202
-0.068155 -0.131997 0.168467
-0.094068 -0.068104 0.142761
-0.084455 -0.123236 0.159056
-0.087243 -0.140867 0.160539
-0.111247 -0.081904 0.131691
-0.073079 -0.151226 0.169030
-0.053119 -0.147284 0.176359
-0.100483 -0.167918 0.157087
-0.080938 -0.175563 0.169746
-0.065576 -0.163817 0.174694
-0.124476 -0.032296 0.107711
-0.114161 -0.050469 0.122670
-0.105956 -0.034737 0.126165
-0.130840 -0.009543 0.098265
-0.094876 -0.016263 0.132432
-0.085936 -0.005841 0.138729
-0.069929 -0.021194 0.147734
-0.133274 0.018565 0.110399
-0.124102 0.064069 0.137081
-0.143794 0.026689 0.096706
-0.231734 -0.464651 0.118752
-0.055033 0.061987 0.154729
-0.117628 -0.475384 0.224378
-0.127841 -0.491614 0.222978
-0.168579 -0.452472 0.185873
-0.153358 -0.465228 0.200652
-0.112211 -0.422521 0.213214
-0.045143 -0.216817 0.190819
-0.168262 -0.133553 0.078132
-0.199287 -0.288651 0.089711
-0.206968 -0.326797 0.092469
-0.205594 -0.344299 0.105281
-0.213902 -0.363884 0.100505
-0.198740 -0.306653 0.098526
-0.207455 -0.308342 0.081542
-0.215866 -0.328524 0.070962
-0.159508 -0.282131 0.142435
-0.196648 -0.266434 0.083704
-0.187194 -0.272925 0.104637
-0.179093 -0.256973 0.110690
-0.087303 -0.315589 0.197860
-0.170828 -0.333589 0.146710
-0.173663 -0.278270 0.125719
-0.073250 -0.319448 0.204196
-0.175022 -0.300330 0.130543
-0.187781 -0.315691 0.119625
-0.198838 -0.327344 0.107821
-0.158099 -0.302292 0.149240
-0.164852 -0.239760 0.122918
-0.186863 -0.293904 0.112799
-0.172221 -0.313986 0.138456
-0.055374 -0.309011 0.207319
-0.152981 -0.092036 0.086287
-0.139592 -0.086091 0.103404
-0.104008 -0.151409 0.151920
-0.112112 -0.064513 0.128151
-0.100476 -0.050724 0.134404
-0.072152 0.015165 0.147590
-0.107110 0.026555 0.142710
-0.089186 0.026062 0.149800
-0.089967 0.041175 0.155340
-0.091994 0.010782 0.140152
-0.109152 0.017711 0.135003
-0.085337 -0.036639 0.141221
-0.137954 0.008859 0.093781
-0.113384 0.078027 0.139276
-0.131615 0.081864 0.123397
-0.102088 0.059864 0.150427
-0.145337 0.081112 0.104820
-0.143751 0.048118 0.114364
-0.121154 0.039151 0.138673
-0.138258 0.067174 0.121532
-0.123400 0.027232 0.130843
-0.104885 0.036710 0.148598
-0.136005 0.034843 0.119621
-0.137323 -0.474944 0.213339
-0.159203 -0.437979 0.188727
-0.176762 -0.411382 0.166581
-0.172868 -0.433205 0.176724
-0.210591 -0.388109 0.119067
-0.098146 -0.415434 0.218070
-0.132689 -0.429971 0.204074
-0.086762 -0.396019 0.217550
-0.098677 -0.384061 0.209120
-0.106563 -0.403831 0.210857
-0.123820 -0.409214 0.203215
-0.033662 -0.203091 0.191517
-0.168379 -0.154021 0.087013
-0.158584 -0.140403 0.097477
-0.138576 -0.141786 0.121502
-0.150289 -0.147199 0.110513
-0.148791 -0.235004 0.137931
-0.085590 -0.334466 0.202851
-0.116472 -0.321690 0.185037
-0.201177 -0.356615 0.119522
-0.109753 -0.133275 0.144935
-0.128552 -0.077490 0.114138
-0.128074 -0.056336 0.109459
-0.120873 0.014339 0.122603
-0.079369 0.055862 0.155749
-0.092759 0.071464 0.150546
-0.148721 0.101116 0.087791
-0.153960 0.079686 0.086999
-0.147094 0.064190 0.107529
-0.113440 0.049866 0.145133
-0.224200 -0.419160 0.111023
-0.122299 -0.462422 0.218560
-0.150739 -0.446070 0.196978
-0.120051 -0.441478 0.214218
-0.111665 -0.373320 0.200653
-0.123179 -0.147546 0.137016
-0.121948 -0.166992 0.142103
-0.139849 -0.157978 0.124700
-0.152352 -0.168747 0.114108
-0.094184 -0.198701 0.167787
-0.090782 -0.183268 0.166275
-0.129106 -0.127573 0.127358
-0.156736 -0.120472 0.092043
-0.153123 -0.201225 0.122030
-0.157515 -0.218636 0.123125
-0.166795 -0.202437 0.106433
-0.050183 -0.274061 0.201152
-0.064464 -0.286896 0.199752
-0.082353 -0.277965 0.191002
-0.093277 -0.298652 0.191348
-0.096340 -0.280555 0.185732
-0.110289 -0.297160 0.182618
-0.145130 -0.286472 0.156656
-0.129204 -0.286922 0.168850
-0.076706 -0.298572 0.198175
-0.085636 -0.351072 0.206665
-0.105308 -0.340767 0.195715
-0.128073 -0.340782 0.183028
-0.134702 -0.321622 0.173401
-0.117606 -0.356658 0.193377
-0.099964 -0.318926 0.192990
-0.194331 -0.339621 0.121188
-0.166914 -0.353028 0.157186
-0.181834 -0.355007 0.142970
-0.159556 -0.340249 0.159845
-0.141741 -0.303901 0.164069
-0.161921 -0.417339 0.180537
-0.160783 -0.403183 0.177094
-0.144088 -0.387926 0.184626
-0.212012 -0.402711 0.123458
-0.216909 -0.453255 0.136738
-0.136530 -0.398995 0.192504
-0.117888 -0.388558 0.200721
-0.099261 -0.362138 0.203755
-0.179658 -0.167886 0.071486
-0.176811 -0.147550 0.067257
-0.185444 -0.160186 0.051743
-0.086117 -0.216357 0.175744
-0.103819 -0.216083 0.166030
-0.078103 -0.229393 0.182336
-0.062722 -0.231537 0.188460
-0.143058 -0.215525 0.136632
-0.123593 -0.189801 0.145867
-0.084883 -0.261165 0.186230
-0.135177 -0.112087 0.116718
-0.143809 -0.128677 0.112116
-0.154383 -0.186040 0.116964
-0.140069 -0.180284 0.130472
-0.171624 -0.222011 0.106673
-0.143106 -0.269398 0.153990
-0.135669 -0.248153 0.153679
-0.155003 -0.256739 0.139587
-0.114499 -0.274606 0.174786
-0.101845 -0.257008 0.177243
-0.097054 -0.236226 0.174717
-0.116171 -0.252020 0.168014
-0.118546 -0.233129 0.161491
-0.125352 -0.266386 0.165828
-0.136666 -0.359831 0.182465
-0.151612 -0.355099 0.170652
-0.127498 -0.373754 0.192012
-0.155067 -0.321527 0.157211
-0.198708 -0.373230 0.129587
-0.156313 -0.387191 0.175518
-0.170865 -0.392338 0.165251
-0.224533 -0.440546 0.119836
-0.210621 -0.465121 0.149771
-0.109529 -0.199427 0.158554
-0.124096 -0.210990 0.151075
-0.133831 -0.227256 0.148464
-0.064555 -0.264422 0.194502
-0.124578 -0.097343 0.123002
-0.139237 -0.197154 0.134502
-0.145366 -0.373781 0.179963
-0.146002 -0.339491 0.170393
-0.161614 -0.370929 0.166668
-0.199524 -0.392863 0.136266
-0.188209 -0.375866 0.142891
-0.177048 -0.375246 0.154295
-0.215969 -0.419282 0.124600
-0.211009 -0.434907 0.137816
-0.199379 -0.446019 0.155776
-0.194409 -0.422136 0.152951
-0.187522 -0.397356 0.151473
-0.204221 -0.413454 0.138526
-0.095422 -0.497840 0.239830
-0.094078 0.237689 0.035838
-0.111701 0.238284 0.035097
-0.096362 0.224678 0.047222
-0.115985 0.202036 0.060531
-0.099157 0.206574 0.060866
-0.115024 0.221573 0.048136
-0.129428 0.213709 0.051517
-0.038525 -0.112519 0.175619
-0.148042 -0.074446 0.088068
-0.152663 -0.063670 0.076079
-0.048025 -0.129745 0.175764
-0.127294 -0.306269 0.174621
0.175323 0.080482 0.019825
0.169335 0.050980 0.034205
0.165507 0.032570 0.040633
0.159652 -0.022186 0.037114
0.162074 -0.040613 0.035258
0.166324 -0.059259 0.034994
0.170925 -0.078696 0.034814
0.176029 -0.100107 0.038374
0.184598 -0.135752 0.038976
0.189698 -0.153276 0.031276
0.201734 -0.211269 0.032084
0.215973 -0.287144 0.032857
0.219680 -0.304659 0.033875
0.224400 -0.323904 0.035017
0.228888 -0.343062 0.036919
0.233195 -0.359330 0.039113
0.236727 -0.380715 0.031689
0.242285 -0.395714 0.044238
0.256983 -0.449557 0.052057
0.261104 -0.469253 0.044887
0.267355 -0.495626 0.052718
0.269483 -0.514552 0.057063
0.271105 -0.529957 0.062951
0.272002 -0.532273 0.062356
0.271598 -0.534314 0.061374
0.272277 -0.537316 0.081735
0.267227 -0.535865 0.100421
0.261345 -0.534648 0.117737
0.253536 -0.533512 0.134234
0.245425 -0.532890 0.150665
0.235632 -0.532230 0.166113
0.224602 -0.531820 0.180780
0.212773 -0.531685 0.194910
0.199982 -0.531767 0.208288
0.185571 -0.531974 0.220146
0.170323 -0.532364 0.231134
0.153921 -0.532986 0.240733
0.136798 -0.533897 0.249220
0.118828 -0.534931 0.256266
0.100450 -0.536353 0.262429
0.081389 -0.537833 0.266953
0.061960 -0.539400 0.270202
0.042283 -0.541034 0.272246
0.022468 -0.542479 0.272949
0.022715 0.190972 0.084392
0.043570 0.200228 0.077254
0.061851 0.213114 0.065748
0.075791 0.231633 0.048710
0.084206 0.250164 0.027917
0.092432 0.265228 0.006407
0.095738 0.277170 -0.019288
0.096789 0.274554 -0.049815
0.126683 0.273081 -0.034452
0.148070 0.269298 -0.032442
0.156003 0.273500 -0.008946
0.156549 0.270584 0.012226
0.152790 0.259543 0.028804
0.147121 0.241916 0.041184
0.142791 0.222032 0.050276
0.138123 0.200012 0.060016
0.138756 0.176827 0.069325
0.144032 0.155501 0.075127
0.152115 0.133397 0.076222
0.161332 0.113588 0.067708
0.169219 0.094958 0.050854
0.043431 -0.505497 0.265646
0.012421 0.178373 0.092916
0.086671 0.173320 0.090656
0.109569 0.276368 -0.036269
0.242006 -0.449793 0.128359
0.092801 -0.501268 0.257142
0.088993 0.204586 0.066493
0.107215 0.238385 0.038950
0.119829 0.275303 -0.017100
0.103889 0.259911 0.016527
0.246066 -0.486035 0.138924
0.048878 -0.526178 0.269485
0.078688 0.217787 0.058744
0.089157 0.239288 0.039347
0.138183 0.275060 -0.009359
0.134109 0.266273 0.018108
0.105901 0.273573 -0.007109
0.155025 -0.500787 0.233817
0.229416 -0.489497 0.165422
0.268607 -0.526187 0.094138
0.097382 -0.522123 0.260708
0.125195 -0.519002 0.251678
0.159985 -0.518204 0.235158
0.247322 -0.517779 0.144155
0.215313 -0.515136 0.189145
0.066718 -0.516663 0.265723
0.187527 -0.512995 0.214740
0.172001 -0.505847 0.224542
0.144051 -0.520394 0.243756
0.172427 -0.519485 0.227123
0.146687 -0.236698 0.155777
0.108089 0.005153 0.134796
0.150752 0.069608 0.106577
0.035531 -0.483157 0.260274
0.041542 0.152554 0.111228
0.080996 -0.363158 0.222696
0.252627 -0.449074 0.093381
0.019975 -0.514372 0.268253
0.021262 -0.497962 0.264342
0.104163 0.249667 0.028768
0.097311 0.223537 0.050831
0.110765 0.204211 0.062952
0.119804 0.220423 0.051581
0.128160 0.207723 0.058407
0.126242 0.189949 0.067861
0.128519 0.234762 0.042982
0.110993 0.182621 0.076993
0.125077 0.163455 0.082757
0.076901 0.188843 0.080522
0.095221 0.188979 0.076956
0.103495 0.124099 0.121907
0.034950 0.181095 0.090558
0.104306 0.143148 0.107535
0.104463 0.163941 0.092247
0.269800 -0.519790 0.078467
0.269575 -0.506149 0.073265
0.265883 -0.507329 0.096293
0.253450 -0.478308 0.120143
0.260868 -0.491632 0.105753
0.254804 -0.496741 0.124870
0.258169 -0.473442 0.100178
0.264629 -0.484231 0.071897
0.255805 -0.517796 0.128441
0.261788 -0.513580 0.112597
0.244933 -0.466535 0.132420
0.251858 -0.462858 0.113231
0.239787 -0.499021 0.153107
0.236264 -0.511967 0.161146
0.225760 -0.512109 0.176067
0.117550 0.268782 0.006111
0.204017 -0.494848 0.196050
0.189497 -0.231396 0.099952
0.080459 -0.265467 0.198210
0.158706 -0.104940 0.094395
0.082577 -0.067876 0.154247
0.158666 0.090640 0.079903
0.012134 -0.481013 0.259665
0.137497 0.141392 0.086318
0.120419 0.143659 0.098096
0.120637 0.124308 0.111833
0.255719 -0.448301 0.071496
0.242007 -0.401759 0.075932
0.053171 -0.482909 0.259175
0.069741 -0.497912 0.261034
0.068107 0.200042 0.073636
0.058060 0.183365 0.087234
0.049290 0.167513 0.099823
0.070513 0.173758 0.093074
0.065005 0.156236 0.107327
0.027771 0.165554 0.101895
0.000737 0.159954 0.105256
0.020240 0.147340 0.114429
0.248974 -0.502728 0.138814
0.264634 -0.489821 0.086755
0.259889 -0.469148 0.082130
0.261080 -0.468326 0.065192
0.173917 -0.470250 0.214155
0.144188 -0.478991 0.233363
0.121720 -0.445519 0.233898
0.140171 -0.459641 0.230026
0.165715 -0.487040 0.223765
0.160783 -0.466246 0.221337
0.185602 -0.491876 0.211139
0.191535 -0.477382 0.202822
0.178942 -0.433382 0.198835
0.137265 -0.440339 0.225825
0.154781 -0.447876 0.219235
0.164454 -0.430043 0.207731
0.125730 -0.421927 0.224931
0.104492 -0.428459 0.234741
0.108966 -0.406183 0.226705
0.128270 -0.399603 0.217296
0.091084 -0.407648 0.232455
0.157822 -0.407420 0.204715
0.139971 -0.411397 0.215398
0.087622 -0.439560 0.242809
0.106758 -0.449920 0.240341
0.087804 -0.454301 0.246439
0.086381 -0.470593 0.250668
0.092208 -0.390908 0.227671
0.193227 -0.407997 0.177502
0.228742 -0.458219 0.156374
0.177247 -0.415122 0.193905
0.145273 -0.426360 0.217431
0.110028 -0.387440 0.221172
0.079603 -0.420157 0.238799
0.072206 -0.403377 0.235261
0.234031 -0.451527 0.144581
0.220068 -0.436233 0.158873
0.226650 -0.472196 0.163978
0.063626 -0.433437 0.245095
0.236812 -0.477335 0.151788
0.065238 -0.388542 0.232523
0.038920 -0.425425 0.245095
0.055695 -0.412994 0.240311
0.136202 -0.500880 0.243133
0.103026 -0.482387 0.249752
0.202811 -0.231293 0.062770
0.040839 -0.195739 0.192265
0.050507 -0.313455 0.215370
0.150573 -0.023076 0.073718
0.152729 0.008789 0.073271
0.043745 0.029690 0.154903
0.036350 -0.001184 0.156609
0.025619 -0.032718 0.163228
0.164611 0.046858 0.056811
0.163240 0.063160 0.066797
0.167059 0.063426 0.048803
0.160198 0.045061 0.075240
0.163171 0.097485 0.065621
0.148942 0.120347 0.085504
0.168172 0.082902 0.046422
0.017429 -0.458605 0.254065
0.085130 0.140788 0.115826
0.129930 0.093871 0.124139
0.018580 0.128226 0.126006
0.019412 -0.364211 0.230364
0.251611 -0.429652 0.060929
0.240567 -0.389931 0.063742
0.231988 -0.353679 0.058112
0.039747 0.136034 0.122171
0.186945 -0.460058 0.201627
0.171167 -0.450389 0.210170
0.046093 -0.463883 0.254853
0.065090 -0.463944 0.252890
0.066478 -0.449847 0.249218
0.067786 -0.479275 0.256342
0.214678 -0.473954 0.178796
0.031251 -0.406390 0.240219
0.042497 -0.378222 0.232938
0.071672 -0.374504 0.227731
0.059983 -0.351891 0.224051
0.018841 -0.419597 0.243923
0.021297 -0.436159 0.248366
0.115211 -0.502334 0.251284
0.123533 -0.483058 0.243246
0.123151 -0.466521 0.239082
0.085630 -0.486232 0.255112
0.200087 -0.212850 0.056624
0.209316 -0.260451 0.059489
0.204548 -0.226571 0.038459
0.208062 -0.246626 0.042549
0.049488 -0.163242 0.185066
0.032344 -0.326815 0.220510
0.180707 -0.119126 0.040715
0.174997 -0.111047 0.060431
0.184365 -0.146464 0.057670
0.171023 -0.088975 0.054881
0.165239 -0.079842 0.067488
0.022089 -0.059363 0.169792
0.029185 -0.130439 0.182655
0.031831 -0.109457 0.178650
0.009362 -0.112862 0.180898
0.160205 0.011891 0.046725
0.159892 0.027659 0.059877
0.021595 0.034230 0.154903
0.034490 0.015057 0.155391
0.040043 -0.446566 0.250642
0.088608 0.156761 0.102715
0.062654 0.138667 0.120614
0.071141 0.105860 0.140888
0.059442 0.121640 0.132185
0.032673 0.114341 0.134107
0.083441 0.123092 0.129160
0.009709 0.109895 0.135238
0.022694 0.091771 0.144085
0.192222 -0.426035 0.185634
0.031050 -0.466675 0.256206
0.205109 -0.481672 0.191275
0.215088 -0.492953 0.183957
0.054750 -0.369192 0.229378
0.105397 -0.466120 0.244812
0.197220 -0.192548 0.042245
0.193836 -0.196388 0.067810
0.194634 -0.216197 0.080776
0.186783 -0.198248 0.089428
0.204938 -0.249383 0.069072
0.197381 -0.248340 0.091552
0.182183 -0.212714 0.104884
0.176438 -0.191561 0.104465
0.212624 -0.270501 0.042366
0.211740 -0.277125 0.067327
0.205068 -0.264429 0.083354
0.207594 -0.283860 0.090500
0.191582 -0.249132 0.104984
0.221868 -0.312851 0.052214
0.217133 -0.292928 0.050956
0.018016 -0.198847 0.194850
0.018481 -0.223255 0.198970
0.021315 -0.269317 0.207845
0.024598 -0.289014 0.211749
0.166847 -0.099626 0.075729
0.189640 -0.161151 0.050325
0.193502 -0.171720 0.036345
0.183343 -0.177948 0.083937
0.173410 -0.163084 0.095281
0.182640 -0.159940 0.073913
0.174537 -0.144366 0.083413
0.163009 -0.151624 0.107258
0.170311 -0.175974 0.106969
0.179351 -0.132395 0.063121
0.169165 -0.121915 0.082251
0.138563 -0.165799 0.139333
0.165330 -0.066826 0.053268
0.151975 -0.042571 0.079197
0.161220 -0.050195 0.056815
0.027011 -0.155309 0.187187
0.049283 -0.141299 0.180782
0.024659 0.070099 0.151249
0.040426 -0.019665 0.158949
0.054327 -0.012503 0.155437
0.019532 -0.015019 0.160327
0.227228 -0.335717 0.061198
0.220657 -0.319076 0.077071
0.229120 -0.364907 0.092154
0.236898 -0.374973 0.053717
0.189035 -0.445977 0.195126
0.215139 -0.452513 0.171704
0.201699 -0.451885 0.185786
0.204191 -0.438033 0.178599
0.203777 -0.465264 0.187953
0.012900 -0.399677 0.238479
0.027806 -0.385998 0.235214
0.081395 -0.337778 0.215660
0.198320 -0.236436 0.082612
0.169066 -0.203930 0.120236
0.162237 -0.187695 0.122012
0.162723 -0.229497 0.138096
0.175715 -0.243583 0.128806
0.158634 -0.206367 0.133438
0.172452 -0.223593 0.124116
0.049312 -0.212128 0.194003
0.033221 -0.217271 0.197220
0.077074 -0.228528 0.190532
0.067101 -0.204684 0.188209
0.062044 -0.222490 0.193449
0.060951 -0.243351 0.197797
0.029688 -0.309695 0.216587
0.043789 -0.292436 0.211063
0.063198 -0.295697 0.209016
0.017278 -0.343405 0.225184
0.038808 -0.356224 0.227648
0.142460 -0.104847 0.116617
0.190679 -0.175743 0.059029
0.163174 -0.136452 0.100130
0.143553 -0.188731 0.141515
0.152249 -0.171821 0.128052
0.109776 -0.181500 0.164101
0.146069 -0.214479 0.148388
0.128313 -0.176708 0.150297
0.123951 -0.191947 0.157810
0.161207 -0.165171 0.115274
0.158275 -0.035569 0.055876
0.156766 -0.062578 0.077367
0.158465 -0.086870 0.086772
0.012319 -0.080142 0.174529
0.035691 -0.092811 0.174576
0.058180 -0.089784 0.168540
0.073893 -0.102655 0.165905
0.039529 -0.075235 0.170723
0.156452 -0.021444 0.054074
0.159604 -0.006736 0.041853
0.145820 -0.009661 0.087076
0.068356 0.030271 0.154626
0.060190 0.041122 0.155989
0.079921 0.019130 0.149423
0.230794 -0.357417 0.076002
0.236690 -0.386205 0.083894
0.097452 -0.349730 0.214555
0.054679 -0.331124 0.219148
0.183031 -0.236372 0.114169
0.038410 -0.251744 0.203106
0.054510 -0.183643 0.187755
0.076125 -0.185028 0.181521
0.039799 -0.273392 0.207484
0.086052 -0.305254 0.206077
0.154004 -0.120344 0.106398
0.135662 -0.121094 0.128024
0.149052 -0.136726 0.119731
0.145784 -0.153344 0.128244
0.130061 -0.140314 0.138930
0.125230 -0.152877 0.146206
0.036741 -0.174462 0.189630
0.017217 -0.096131 0.177272
0.056822 -0.108863 0.173298
0.096702 -0.122746 0.158838
0.077822 -0.084994 0.159738
0.155188 -0.006220 0.063146
0.152178 0.024242 0.081804
0.153831 0.039214 0.094677
0.058994 0.002923 0.153054
0.047429 0.079523 0.149657
0.048161 0.103391 0.141469
0.061977 0.092082 0.146871
0.098540 0.073592 0.150173
0.085925 0.087871 0.147567
0.097891 0.103491 0.137647
0.117847 0.105885 0.126115
0.129925 0.060638 0.136226
0.072598 -0.008344 0.150332
0.061375 0.015868 0.152031
0.083348 0.005998 0.146617
0.235097 -0.373188 0.071690
0.246832 -0.426254 0.090439
0.245810 -0.440230 0.109669
0.103275 -0.366245 0.217067
0.044114 -0.232077 0.198657
0.059675 -0.259772 0.201921
0.062418 -0.275401 0.204628
0.105230 -0.197775 0.171010
0.066202 -0.169611 0.182065
0.081067 -0.170426 0.176696
0.067549 -0.154175 0.178187
0.090630 -0.137663 0.165052
0.069964 -0.131830 0.173377
0.080741 -0.117236 0.166139
0.123418 -0.122691 0.139898
0.110642 -0.115708 0.148136
0.074073 -0.317494 0.211995
0.104590 -0.308334 0.200863
0.098484 -0.321307 0.206258
0.097684 -0.290255 0.198848
0.105684 -0.334775 0.207472
0.133010 -0.206659 0.156146
0.118146 -0.165542 0.154834
0.140490 -0.026811 0.094634
0.142714 -0.048579 0.097811
0.136074 -0.064220 0.110577
0.148891 -0.069152 0.095194
0.113611 -0.074996 0.134854
0.125742 -0.042976 0.118301
0.127416 -0.075128 0.122391
0.130979 -0.029369 0.108778
0.100835 -0.062797 0.141888
0.104799 -0.042462 0.136273
0.119718 -0.056064 0.125985
0.119372 -0.026859 0.121557
0.098178 -0.023118 0.137592
0.134382 -0.092219 0.120570
0.143647 -0.082383 0.106833
0.063046 -0.068190 0.162858
0.152906 0.053732 0.105138
0.074374 0.072648 0.152783
0.059595 0.056451 0.154893
0.080218 0.047485 0.156684
0.092079 -0.009064 0.141759
0.239072 -0.406005 0.096341
0.251551 -0.433916 0.076589
0.247394 -0.418937 0.074374
0.235582 -0.431748 0.129977
0.239508 -0.421117 0.111783
0.037126 -0.341449 0.223870
0.161458 -0.271623 0.155582
0.162083 -0.250595 0.146830
0.174352 -0.259939 0.137142
0.186484 -0.258604 0.119680
0.078893 -0.247987 0.194251
0.095824 -0.234940 0.185160
0.112145 -0.136431 0.151565
0.092884 -0.102543 0.156323
0.151292 -0.094771 0.101749
0.100266 -0.166567 0.166035
0.099096 -0.081613 0.147096
0.114767 -0.012241 0.126625
0.131895 -0.013482 0.108504
0.127794 0.003046 0.116818
0.141990 0.006336 0.097921
0.133139 0.028641 0.125893
0.141649 0.021743 0.106132
0.126523 0.014902 0.123282
0.127378 -0.105428 0.131784
0.158968 0.072217 0.085376
0.142167 0.057985 0.123869
0.116755 0.032730 0.142525
0.100664 0.047473 0.153885
0.093339 0.031451 0.152946
0.116829 0.054557 0.146857
0.117114 0.023158 0.137647
0.097872 0.017876 0.144237
0.131904 0.042797 0.134484
0.230033 -0.385009 0.106358
0.222856 -0.370823 0.115520
0.232325 -0.400063 0.113958
0.106433 -0.150777 0.158766
0.064213 -0.038109 0.156056
0.072599 -0.051998 0.155552
0.085772 -0.036077 0.146704
0.073082 -0.021924 0.150304
0.049813 -0.031947 0.159238
0.088035 -0.052876 0.148230
0.144326 0.039028 0.116378
0.158198 0.058155 0.089629
0.153492 0.083860 0.096925
0.148545 0.101899 0.095533
0.134756 0.107615 0.110545
0.143232 0.088122 0.111813
0.135883 0.077406 0.126543
0.135938 0.123040 0.100081
0.193085 -0.363136 0.158615
0.217724 -0.417718 0.153119
0.114724 -0.093588 0.139078
0.210506 -0.366995 0.138284
0.228361 -0.413354 0.132923
0.187779 -0.388666 0.174523
0.174290 -0.397769 0.189637
0.144945 -0.390054 0.206334
0.138659 -0.369562 0.203029
0.124301 -0.376766 0.212328
0.135598 0.252007 0.033278
0.119838 0.253452 0.027313
0.215998 -0.298218 0.071188
0.198284 -0.268587 0.103427
0.049418 -0.124877 0.178745
0.222598 -0.354475 0.104710
0.225957 -0.343836 0.083682
0.079298 -0.285800 0.203135
0.117633 -0.210136 0.167222
0.101586 -0.214537 0.177056
0.112127 -0.227313 0.175408
0.119197 -0.242411 0.176137
0.103344 -0.251832 0.186442
0.101925 -0.268124 0.191891
0.088132 -0.200549 0.179979
0.085788 -0.216913 0.184774
0.126937 -0.261348 0.177817
0.115179 -0.278360 0.189099
0.149611 -0.266584 0.164272
0.130656 -0.227360 0.164352
0.093260 -0.184990 0.174170
0.135085 -0.248267 0.168361
0.031516 -0.045616 0.165540
0.048848 -0.053228 0.163856
0.203191 -0.399901 0.163143
0.216077 -0.399212 0.145814
0.193647 -0.379230 0.164791
0.162551 -0.320509 0.171914
0.197869 -0.346363 0.146050
0.179511 -0.329311 0.159406
0.191331 -0.333732 0.148643
0.184465 -0.348943 0.162167
0.142673 -0.353784 0.196230
0.156320 -0.370960 0.192882
0.148559 -0.334613 0.186525
0.127596 -0.335266 0.198604
0.170968 -0.342681 0.172555
0.162156 -0.355010 0.183948
0.171998 -0.378538 0.183983
0.120730 -0.353136 0.206967
0.145409 -0.312854 0.181583
0.132421 -0.319925 0.191702
0.115803 -0.320647 0.199791
0.132486 -0.296303 0.184702
0.116485 -0.301186 0.194069
0.137224 -0.279777 0.177541
0.150742 -0.299106 0.174145
0.157016 -0.287161 0.165211
0.180414 -0.366074 0.172361
0.171092 -0.291856 0.154154
0.169000 -0.309071 0.162658
0.208710 -0.324004 0.116493
0.204107 -0.307436 0.116293
0.213168 -0.315719 0.101260
0.211704 -0.303251 0.094510
0.195064 -0.314970 0.134987
0.202507 -0.331501 0.132153
0.195062 -0.297361 0.126718
0.189756 -0.278765 0.125391
0.181668 -0.313031 0.151179
0.178999 -0.275418 0.138358
0.183864 -0.295738 0.141375
0.212847 -0.351412 0.124734
0.213932 -0.339235 0.115659
0.218266 -0.331776 0.098370
0.270912 -0.540218 0.041401
0.266432 -0.543981 0.021996
0.260002 -0.547078 0.002819
0.251683 -0.549212 -0.015735
0.242254 -0.551173 -0.033925
0.231094 -0.552803 -0.051243
0.219346 -0.554795 -0.068127
0.206239 -0.556687 -0.084125
0.192479 -0.559361 -0.099524
0.177622 -0.562164 -0.113921
0.161750 -0.564716 -0.126871
0.145078 -0.567538 -0.138511
0.127885 -0.570134 -0.149028
0.110090 -0.572326 -0.158177
0.091891 -0.574176 -0.166109
0.073303 -0.575491 -0.172441
0.054482 -0.576449 -0.177526
0.035574 -0.577017 -0.181447
0.016518 -0.577224 -0.184082
-0.002537 -0.577106 -0.185456
-0.002041 -0.538944 -0.187076
0.002840 -0.498256 -0.185210
0.003370 -0.437789 -0.179843
0.003861 -0.414773 -0.177937
-0.003666 -0.380993 -0.174779
-0.001439 -0.361068 -0.172264
-0.001738 -0.341383 -0.169479
-0.002487 -0.322523 -0.166897
-0.000920 -0.303225 -0.164108
-0.005009 -0.262395 -0.157880
-0.001472 -0.214830 -0.149161
0.004037 -0.166351 -0.136854
0.002404 -0.143975 -0.132078
-0.001509 -0.127897 -0.128958
-0.000057 -0.110123 -0.125097
0.005522 -0.092283 -0.120717
-0.008976 -0.039644 -0.109366
-0.003688 -0.017446 -0.106760
-0.002645 -0.000114 -0.107736
0.000456 0.067260 -0.115962
0.000485 0.085675 -0.117233
0.000770 0.122592 -0.117907
-0.000076 0.175027 -0.111169
0.002236 0.200948 -0.105257
0.020411 0.212887 -0.101566
0.038379 0.222754 -0.098739
0.055267 0.233803 -0.094352
0.072011 0.246360 -0.086527
0.087416 0.262161 -0.071394
0.152124 0.254470 -0.053241
0.153330 0.236318 -0.068393
0.152048 0.215847 -0.079440
0.148653 0.192985 -0.087096
0.147631 0.170714 -0.089875
0.147670 0.148203 -0.090273
0.151885 0.126197 -0.085914
0.158129 0.104282 -0.077811
0.168534 0.088924 -0.064290
0.179466 0.080175 -0.043097
0.181269 0.078647 -0.020008
0.125424 0.027656 -0.083467
0.078558 0.165306 -0.113894
0.176298 0.068728 -0.026189
0.141532 0.082873 -0.087064
0.116323 0.168720 -0.105053
0.122240 0.255490 -0.066530
0.127677 0.237832 -0.078749
0.087737 0.234861 -0.091354
0.136427 0.113718 -0.095260
0.129999 0.157432 -0.099756
0.120050 0.267331 -0.051566
0.135634 0.261827 -0.052275
0.104261 0.260442 -0.068088
0.141692 0.228379 -0.078309
0.136039 0.204012 -0.090118
0.090920 0.249665 -0.081006
0.172604 0.079499 -0.055337
0.132346 0.133159 -0.098405
0.139031 0.247355 -0.066588
0.104319 0.269882 -0.054906
0.122965 0.219869 -0.090166
0.131151 0.180935 -0.096887
0.105064 0.188247 -0.105614
0.119752 0.195650 -0.099148
0.158070 0.066972 -0.065243
0.128245 0.096425 -0.098056
0.106080 0.215062 -0.097541
0.097455 0.166248 -0.111197
0.109751 0.145672 -0.108971
0.082026 0.071039 -0.111564
0.073632 0.202036 -0.106269
0.109830 0.070564 -0.103033
0.099659 0.130157 -0.112752
0.109034 0.095339 -0.107250
0.119222 0.125791 -0.105389
0.122833 0.082457 -0.099082
0.073320 0.225492 -0.097385
0.077223 0.108044 -0.116323
0.052765 0.209480 -0.103430
0.083758 0.148092 -0.114865
0.097401 0.112083 -0.112528
0.078349 0.126422 -0.116525
0.062136 0.117306 -0.117885
0.272754 -0.525867 0.044390
0.267392 -0.525599 0.023345
0.199511 -0.430692 -0.079449
0.139055 -0.286106 -0.113028
0.055340 -0.508364 -0.177890
0.014370 -0.546703 -0.185810
-0.003267 -0.562983 -0.186555
0.023011 -0.563033 -0.184543
0.172170 0.070874 0.025382
0.019860 0.193031 -0.107414
0.109135 0.240836 -0.083449
0.168708 0.065094 -0.048749
0.168923 0.051814 -0.033145
0.127008 0.068372 -0.093340
0.150684 0.051912 -0.068522
0.141630 0.065481 -0.082389
0.160496 0.045896 -0.051364
0.146182 0.031934 -0.066023
0.163194 0.031001 -0.035372
0.168776 0.035316 -0.017633
0.154980 0.027024 -0.050430
0.153713 0.015711 -0.042723
0.042321 0.102903 -0.117804
0.059846 0.098652 -0.117529
0.023819 0.116007 -0.117699
0.068235 0.085418 -0.115688
0.055896 0.067481 -0.114128
0.040578 0.082880 -0.116611
0.090728 0.090553 -0.112512
0.100519 0.056575 -0.104019
0.019127 0.073800 -0.116160
0.037877 0.064874 -0.114842
0.022212 0.057013 -0.114419
0.051466 0.191857 -0.108660
0.084414 0.185514 -0.109889
0.060024 0.158824 -0.115151
0.261421 -0.530893 0.005332
0.238474 -0.467243 -0.031051
0.259737 -0.507437 0.005395
0.219864 -0.380071 -0.030696
0.070547 -0.289507 -0.150484
0.171088 -0.208264 -0.066541
0.183733 -0.279838 -0.063046
0.067587 -0.153983 -0.125436
0.162759 -0.096628 -0.034042
0.024665 -0.508666 -0.183766
0.018507 -0.528979 -0.185291
0.169613 0.034345 0.018236
0.160081 -0.001071 -0.014476
0.152836 0.003453 -0.038498
0.172315 0.050908 0.013203
0.166243 0.020534 -0.003600
0.171075 0.039683 0.001402
0.014332 0.153703 -0.114813
0.136163 0.039662 -0.079258
0.135460 0.052087 -0.083777
0.140352 0.018797 -0.065963
0.004160 0.106666 -0.118056
0.021998 0.094247 -0.117415
0.017236 0.132630 -0.117172
0.060516 0.137891 -0.116854
0.036017 0.139400 -0.116702
0.040589 0.175226 -0.111814
0.049994 0.027687 -0.109054
0.047738 0.047943 -0.112071
0.074294 0.054822 -0.110052
0.093251 0.041966 -0.103589
0.024963 0.037632 -0.112358
0.263661 -0.491824 0.027951
0.267540 -0.509730 0.031859
0.259991 -0.470849 0.028905
0.230295 -0.520790 -0.053481
0.252371 -0.518499 -0.015609
0.241861 -0.528132 -0.035691
0.252384 -0.536471 -0.015923
0.233927 -0.537223 -0.048625
0.252548 -0.457054 0.010242
0.208561 -0.533483 -0.082101
0.030844 -0.287849 -0.159066
0.061974 -0.234070 -0.145693
0.075399 -0.370218 -0.159215
0.190862 -0.196774 -0.022931
0.204609 -0.259623 -0.009599
0.022590 -0.424461 -0.177285
0.149126 -0.549480 -0.136951
0.083436 -0.554960 -0.170442
0.066649 -0.561560 -0.175610
0.019211 -0.489345 -0.183186
0.003874 -0.517595 -0.186097
0.044768 -0.563068 -0.180751
0.161542 -0.009452 0.014107
0.026175 -0.082102 -0.116610
0.165264 0.018870 0.021966
0.162017 0.003743 0.023591
0.162772 0.004903 0.004384
0.150194 -0.013078 -0.038128
0.114486 -0.024820 -0.078374
0.137184 -0.026506 -0.056441
0.106886 -0.005559 -0.086377
0.107599 0.016065 -0.090619
0.155230 -0.021407 -0.023447
0.172870 0.062985 0.013448
0.161862 0.017232 -0.023056
0.117981 0.047508 -0.094181
0.029802 0.006884 -0.107056
0.006414 0.030021 -0.111862
0.004009 0.047641 -0.114275
0.231597 -0.488667 -0.047401
0.251112 -0.495534 -0.013617
0.257826 -0.483040 0.010082
0.241534 -0.442149 -0.012920
0.228174 -0.352557 0.013471
0.216787 -0.319161 -0.005016
0.195436 -0.542298 -0.096851
0.217613 -0.517179 -0.070383
0.034012 -0.330375 -0.164746
0.039723 -0.256319 -0.153443
0.032751 -0.212646 -0.146433
0.198089 -0.205205 0.001246
0.021847 -0.153158 -0.132834
0.019962 -0.128343 -0.127482
0.173810 -0.091224 0.012707
0.169288 -0.073492 0.012737
0.185902 -0.139803 0.010770
0.002866 -0.477771 -0.183418
0.004841 -0.457781 -0.181460
0.132397 -0.539596 -0.147356
0.165033 -0.543860 -0.125099
0.115563 -0.552307 -0.156483
0.051983 -0.547298 -0.179794
0.035635 -0.543026 -0.183107
0.038133 -0.521038 -0.182277
0.053816 -0.527851 -0.179221
0.036035 -0.495472 -0.181290
0.023376 -0.474097 -0.181399
0.053249 -0.487957 -0.177000
0.004530 -0.075381 -0.116762
0.020716 -0.103198 -0.122101
0.006781 -0.053106 -0.111857
0.014631 -0.031470 -0.107534
0.024235 -0.065751 -0.113328
0.124035 0.008906 -0.077729
0.126924 -0.010305 -0.070803
0.097199 -0.025348 -0.088987
0.061851 0.001547 -0.102991
0.050527 0.013293 -0.106545
0.057607 -0.020325 -0.101432
0.107277 0.032893 -0.095694
0.148492 -0.066970 -0.046781
0.004491 0.013471 -0.109338
0.028078 0.020314 -0.109486
0.252231 -0.434777 0.040562
0.241975 -0.415799 0.009736
0.239744 -0.506098 -0.037063
0.225148 -0.501710 -0.058892
0.241636 -0.484462 -0.030092
0.247470 -0.471389 -0.012971
0.219084 -0.311535 0.012815
0.223392 -0.537673 -0.063393
0.181924 -0.500661 -0.108130
0.023854 -0.270144 -0.157253
0.022273 -0.246034 -0.153912
0.010647 -0.259826 -0.156870
0.014092 -0.199633 -0.145155
0.018176 -0.222267 -0.149656
0.005845 -0.184638 -0.141861
0.027547 -0.190275 -0.141935
0.199842 -0.200718 0.022604
0.202526 -0.220833 0.012444
0.196449 -0.183349 0.015293
0.209193 -0.257302 0.017177
0.212962 -0.278348 0.016524
0.178793 -0.108659 0.015113
0.182819 -0.124540 0.018555
0.179697 -0.122611 -0.004228
0.182543 -0.142616 -0.014781
0.175364 -0.127248 -0.023530
0.159190 -0.074565 -0.029585
0.151928 -0.089731 -0.050191
0.153763 -0.051748 -0.029967
0.161022 -0.049093 -0.006714
0.141431 -0.044569 -0.050551
0.166896 -0.082144 -0.011679
0.163927 -0.063212 -0.007658
0.161692 -0.033203 0.011904
0.028713 -0.450845 -0.178378
0.043105 -0.471892 -0.177988
0.011090 -0.391599 -0.175303
0.022660 -0.402269 -0.175247
0.134743 -0.558140 -0.145764
0.182860 -0.546720 -0.109463
0.179010 -0.529482 -0.112901
0.081383 -0.464799 -0.166709
0.086623 -0.502519 -0.167348
0.073742 -0.520032 -0.173281
0.156304 -0.034601 -0.016799
0.160188 -0.019588 -0.002045
0.039158 -0.118554 -0.122872
0.042416 -0.071544 -0.112087
0.139687 -0.011186 -0.056881
0.086056 0.005099 -0.097367
0.082978 -0.010692 -0.095837
0.072814 0.019013 -0.103744
0.073048 0.037389 -0.107567
0.091453 0.023614 -0.099561
0.055501 -0.042630 -0.104217
0.036187 -0.024226 -0.104723
0.079485 -0.032786 -0.096517
0.058572 -0.062132 -0.106920
0.079809 -0.049860 -0.098329
0.255537 -0.454170 0.027475
0.247882 -0.433100 0.015360
0.240154 -0.399250 0.018980
0.246677 -0.416442 0.033309
0.213590 -0.497241 -0.074051
0.208346 -0.480346 -0.078156
0.219785 -0.479921 -0.063185
0.231906 -0.366852 0.017222
0.234026 -0.386323 0.006903
0.011615 -0.331823 -0.167527
0.019799 -0.348143 -0.168911
0.014470 -0.371349 -0.172372
0.041274 -0.232275 -0.148987
0.057139 -0.248631 -0.149036
0.074963 -0.260329 -0.146114
0.045361 -0.272812 -0.154367
0.058575 -0.270568 -0.151302
0.004957 -0.281359 -0.160440
0.060285 -0.209317 -0.141113
0.052558 -0.220770 -0.145100
0.194578 -0.232945 -0.027368
0.193324 -0.214647 -0.023622
0.201070 -0.228947 -0.005075
0.184735 -0.214180 -0.044525
0.186566 -0.177275 -0.027580
0.187476 -0.162789 -0.013553
0.179829 -0.190451 -0.047603
0.193873 -0.184120 -0.004368
0.166938 -0.185422 -0.067273
0.182243 -0.160195 -0.029511
0.212349 -0.294672 -0.002434
0.209475 -0.275014 -0.000194
0.216206 -0.295791 0.017118
0.167744 -0.130070 -0.042697
0.147893 -0.032000 -0.037193
0.129130 -0.043725 -0.065437
0.039205 -0.411382 -0.173788
0.191860 -0.521096 -0.100201
0.069451 -0.543149 -0.175142
0.112538 -0.527589 -0.157865
0.134495 -0.517102 -0.145140
0.159074 -0.521084 -0.128888
0.165448 -0.499351 -0.122150
0.183244 -0.478608 -0.104445
0.197167 -0.493295 -0.092375
0.196389 -0.471364 -0.090388
0.183133 -0.455388 -0.101367
0.196356 -0.448322 -0.086329
0.068534 -0.476889 -0.172106
0.115412 -0.487329 -0.153356
0.104849 -0.502564 -0.159599
0.105068 -0.465589 -0.156899
0.091213 -0.485752 -0.164406
0.120451 -0.504413 -0.152070
0.125141 -0.469666 -0.147035
0.093203 -0.519704 -0.166180
0.042437 -0.097163 -0.117166
0.033612 -0.049560 -0.109007
0.113105 -0.079925 -0.086440
0.230593 -0.470685 -0.045732
0.220713 -0.366565 -0.020925
0.220269 -0.344945 -0.010061
0.223509 -0.333497 0.012331
0.019678 -0.298547 -0.162283
0.018968 -0.316461 -0.164903
0.046704 -0.344886 -0.163936
0.034250 -0.367865 -0.169324
0.025273 -0.382118 -0.172732
0.026223 -0.172628 -0.137495
0.047617 -0.157764 -0.130752
0.039156 -0.139092 -0.127516
0.044069 -0.200043 -0.142072
0.062780 -0.189114 -0.136136
0.203137 -0.244983 -0.005969
0.192565 -0.167388 0.010356
0.188766 -0.153918 0.004730
0.156573 -0.166264 -0.074520
0.175182 -0.148108 -0.038325
0.165835 -0.147655 -0.054905
0.167885 -0.114321 -0.033784
0.126383 -0.027270 -0.068697
0.100193 -0.040379 -0.087815
0.095886 -0.066839 -0.093532
0.114740 -0.044538 -0.078671
0.103795 -0.057858 -0.087520
0.039385 -0.387308 -0.171002
0.051834 -0.399757 -0.170032
0.037072 -0.427899 -0.175323
0.081431 -0.431762 -0.164229
0.092806 -0.447616 -0.161011
0.067827 -0.451961 -0.169957
0.064629 -0.434452 -0.169772
0.067654 -0.416777 -0.167536
0.086320 -0.407916 -0.159882
0.143726 -0.402836 -0.127510
0.103370 -0.427436 -0.154310
0.108727 -0.408088 -0.149819
0.174198 -0.514538 -0.116276
0.183765 -0.433511 -0.097264
0.220019 -0.454798 -0.057318
0.072486 -0.497499 -0.172184
0.168900 -0.464769 -0.115533
0.166526 -0.443211 -0.114830
0.133018 -0.494684 -0.144256
0.230686 -0.428669 -0.029989
0.226267 -0.367094 -0.005097
0.188330 -0.349976 -0.074207
0.200071 -0.322562 -0.047858
0.049782 -0.366374 -0.166039
0.064999 -0.353524 -0.160241
0.058621 -0.377612 -0.165267
0.046189 -0.179306 -0.136777
0.159543 -0.129362 -0.055617
0.051605 -0.419606 -0.171963
0.069394 -0.393412 -0.164248
0.116086 -0.444265 -0.149406
0.201601 -0.396581 -0.068507
0.191117 -0.413445 -0.085642
0.165391 -0.394630 -0.108151
0.155778 -0.409685 -0.119105
0.178046 -0.399455 -0.096738
0.143273 -0.422596 -0.130653
0.210630 -0.439088 -0.066520
0.149882 -0.500644 -0.133776
0.141564 -0.473977 -0.137300
0.148350 -0.455575 -0.130752
0.155236 -0.478836 -0.127842
0.168484 -0.482767 -0.117886
0.079596 -0.073203 -0.102096
0.097561 -0.087014 -0.096839
0.238449 -0.452842 -0.025039
0.230300 -0.447953 -0.038655
0.229328 -0.409506 -0.023915
0.209794 -0.360910 -0.042267
0.213095 -0.346300 -0.029891
0.051714 -0.290210 -0.155480
0.050906 -0.323697 -0.160380
0.111132 -0.328756 -0.137755
0.151286 -0.145853 -0.073270
0.142539 -0.124833 -0.074981
0.141122 -0.158916 -0.088334
0.110827 -0.097671 -0.092137
0.123938 -0.125529 -0.091291
0.104059 -0.117107 -0.101448
0.098298 -0.135096 -0.109198
0.139440 -0.102446 -0.070075
0.126910 -0.090126 -0.078672
0.093226 -0.103723 -0.102924
0.125023 -0.066632 -0.074116
0.081583 -0.117329 -0.111564
0.137393 -0.060755 -0.060242
0.155225 -0.112349 -0.054360
0.126078 -0.427456 -0.142193
0.129915 -0.405652 -0.137648
0.136021 -0.385271 -0.130440
0.116489 -0.385628 -0.142688
0.098575 -0.344631 -0.146547
0.206387 -0.418360 -0.067711
0.142389 -0.440173 -0.133113
0.155073 -0.432446 -0.122951
0.055900 -0.114562 -0.118456
0.055271 -0.135376 -0.123841
0.071948 -0.131297 -0.118490
0.078502 -0.093985 -0.106536
0.238318 -0.423276 -0.008629
0.219793 -0.416473 -0.045682
0.227420 -0.386782 -0.015645
0.221957 -0.397898 -0.034879
0.235017 -0.404059 -0.005518
0.212924 -0.384731 -0.046536
0.206287 -0.335516 -0.039794
0.197962 -0.346812 -0.059281
0.187376 -0.328341 -0.069371
0.191363 -0.386644 -0.079377
0.180289 -0.360227 -0.086099
0.213180 -0.330295 -0.022370
0.063164 -0.309891 -0.155132
0.133829 -0.143322 -0.089685
0.151604 -0.387833 -0.118917
0.167088 -0.376609 -0.103056
0.148653 -0.368663 -0.118135
0.145541 -0.322346 -0.113171
0.148931 -0.345215 -0.114855
0.212818 -0.403552 -0.053575
0.188172 -0.308027 -0.064083
0.199991 -0.370317 -0.062175
0.209254 -0.311764 -0.024487
0.066861 -0.333779 -0.157149
0.085063 -0.340725 -0.151800
0.091673 -0.367838 -0.152650
0.106624 -0.368200 -0.145590
0.085126 -0.383857 -0.157542
0.098267 -0.387230 -0.152476
0.128614 -0.369609 -0.132796
0.175063 -0.338736 -0.087766
0.165681 -0.354722 -0.100536
0.136954 -0.354255 -0.125533
0.200566 -0.290176 -0.036214
0.084058 -0.303180 -0.147368
0.105982 -0.274488 -0.134673
0.098199 -0.293171 -0.140030
0.161802 -0.332929 -0.100671
0.177094 -0.291074 -0.075657
0.119298 -0.350155 -0.136513
0.132260 -0.333902 -0.125398
0.137332 -0.307754 -0.117627
0.121496 -0.290455 -0.126720
0.156141 -0.309964 -0.102008
0.142311 -0.230572 -0.103814
0.127384 -0.267725 -0.120635
0.156788 -0.219138 -0.087116
0.156855 -0.202956 -0.083734
0.082386 -0.241453 -0.141196
0.171653 -0.315137 -0.087122
0.148741 -0.267438 -0.102942
0.139387 -0.250000 -0.109137
0.155741 -0.247617 -0.093040
0.161795 -0.230521 -0.083231
0.174940 -0.227014 -0.064621
0.171719 -0.245331 -0.073092
0.112985 -0.218215 -0.123320
0.094771 -0.223609 -0.133430
0.141474 -0.207863 -0.100569
0.126319 -0.212021 -0.113697
0.148927 -0.189169 -0.089201
0.099145 -0.182148 -0.121758
0.137624 -0.175131 -0.095603
0.111084 -0.195815 -0.119587
0.102393 -0.155353 -0.112688
0.116804 -0.178311 -0.111300
0.128195 -0.191509 -0.107431
0.106097 -0.169474 -0.114825
0.122581 -0.159132 -0.102074
0.163321 -0.293881 -0.092233
0.151031 -0.296260 -0.104068
0.153428 -0.281939 -0.099937
0.184810 -0.239625 -0.050876
0.194994 -0.249436 -0.032667
0.183549 -0.260067 -0.058305
0.167427 -0.269238 -0.083057
0.125849 -0.245075 -0.119488
0.100730 -0.237532 -0.133259
0.088082 -0.167570 -0.122627
0.081433 -0.184908 -0.129697
0.095522 -0.201384 -0.128554
0.079510 -0.204450 -0.135210
0.064729 -0.171038 -0.130994
0.076971 -0.222947 -0.139591
0.016368 -0.003637 -0.107004
0.040452 -0.005890 -0.104943
0.174125 -0.167166 -0.049345
0.138818 -0.080530 -0.064606
0.202749 -0.270015 -0.021298
0.195388 -0.271084 -0.039490
-0.268568 -0.545887 0.024098
-0.265070 -0.549024 0.004524
-0.259741 -0.551692 -0.014884
-0.252141 -0.553463 -0.033509
-0.242827 -0.554863 -0.051328
-0.232901 -0.556525 -0.068626
-0.221198 -0.557925 -0.084746
-0.208611 -0.559846 -0.100022
-0.194599 -0.561645 -0.113938
-0.179949 -0.564198 -0.126899
-0.164478 -0.566689 -0.138774
-0.148173 -0.569241 -0.149108
-0.131246 -0.571481 -0.158208
-0.113920 -0.573568 -0.166278
-0.096081 -0.575234 -0.173019
-0.077796 -0.576306 -0.177928
-0.059200 -0.577002 -0.181550
-0.040470 -0.577386 -0.184112
-0.021533 -0.577348 -0.185237
-0.016519 0.211595 -0.102529
-0.034747 0.222400 -0.099399
-0.052355 0.232523 -0.095128
-0.069541 0.244111 -0.087633
-0.084726 0.260230 -0.072346
-0.148955 0.251867 -0.057070
-0.151292 0.233042 -0.072944
-0.150598 0.213139 -0.083350
-0.148028 0.191777 -0.090017
-0.146338 0.169192 -0.093027
-0.147371 0.147432 -0.091977
-0.150971 0.125120 -0.089209
-0.159413 0.103739 -0.082041
-0.170046 0.087068 -0.066397
-0.181729 0.077960 -0.044710
-0.122139 0.246646 -0.072710
-0.126617 0.025848 -0.086560
-0.119021 0.169264 -0.104585
-0.118354 0.260383 -0.058736
-0.049303 0.214777 -0.101748
-0.145226 0.081432 -0.086946
-0.132279 0.160388 -0.099383
-0.137625 0.244018 -0.069276
-0.134754 0.206273 -0.091068
-0.085180 0.241695 -0.086661
-0.175973 0.063979 0.006981
-0.135615 0.116145 -0.097776
-0.136488 0.258586 -0.053674
-0.101695 0.266935 -0.056025
-0.174703 0.077736 -0.057361
-0.054914 0.201332 -0.106025
-0.028538 0.200360 -0.105701
-0.145975 0.104349 -0.090744
-0.135367 0.137328 -0.098266
-0.159021 0.089756 -0.077936
-0.025992 -0.565233 -0.186225
-0.024495 -0.549474 -0.187085
-0.119957 -0.441973 -0.156291
-0.145016 -0.294622 -0.120676
-0.219806 -0.447904 -0.073830
-0.270257 -0.530929 0.028707
-0.076185 -0.031183 -0.101592
-0.163767 0.011114 -0.015771
-0.134915 0.183594 -0.096248
-0.070537 0.220635 -0.099208
-0.172979 0.044603 0.004303
-0.170402 0.030221 0.005591
-0.171205 0.034934 -0.017816
-0.028344 0.167825 -0.113016
-0.154314 0.062379 -0.073750
-0.116319 0.129381 -0.107757
-0.114996 0.149596 -0.107826
-0.092039 0.161267 -0.113422
-0.065022 0.135489 -0.118407
-0.091159 0.136456 -0.115452
-0.070721 0.154785 -0.116266
-0.079472 0.116948 -0.117819
-0.101646 0.112789 -0.112987
-0.049901 0.157708 -0.115734
-0.088692 0.097375 -0.115607
-0.129765 0.094000 -0.099044
-0.045341 -0.562594 -0.184708
-0.074967 -0.414468 -0.170269
-0.192397 -0.269474 -0.058505
-0.078772 -0.312341 -0.156627
-0.080787 -0.093469 -0.109884
-0.217231 -0.376187 -0.049511
-0.262068 -0.498320 0.009917
-0.252597 -0.541467 -0.033476
-0.255102 -0.519516 -0.027647
-0.261728 -0.513289 -0.005216
-0.249150 -0.506283 -0.039013
-0.262058 -0.534503 -0.009058
-0.033199 0.035530 -0.113278
-0.042940 0.003585 -0.108683
-0.163190 -0.015665 -0.007538
-0.017422 0.095662 -0.117955
-0.072756 0.194767 -0.108178
-0.103198 0.213085 -0.098342
-0.120064 0.218868 -0.091125
-0.131849 0.229141 -0.081983
-0.116823 0.194822 -0.100390
-0.095465 0.190148 -0.107163
-0.176319 0.052527 -0.012280
-0.172596 0.049492 -0.034739
-0.165717 0.016793 0.017624
-0.167966 0.032429 0.023887
-0.155247 0.020800 -0.052634
-0.167659 0.019638 -0.004628
-0.164737 0.022793 -0.030818
-0.164137 0.001076 0.001114
-0.161594 0.047272 -0.057369
-0.157283 0.010219 -0.038942
-0.015320 0.186755 -0.108871
-0.038454 0.183176 -0.110309
-0.121616 0.108734 -0.105013
-0.024357 -0.512216 -0.186302
-0.016531 -0.529275 -0.186993
-0.034106 -0.433639 -0.179072
-0.193545 -0.523804 -0.115556
-0.181474 -0.122831 0.000762
-0.062148 -0.152608 -0.129686
-0.266265 -0.513612 0.021368
-0.260655 -0.485366 0.030644
-0.021402 0.126224 -0.118071
-0.044907 0.131946 -0.118659
-0.015007 0.041840 -0.114101
-0.026710 -0.029443 -0.107965
-0.163174 -0.016963 0.021513
-0.060967 0.179632 -0.112010
-0.087228 0.206420 -0.103311
-0.090742 0.223294 -0.096275
-0.104523 0.235670 -0.086464
-0.102859 0.173672 -0.109109
-0.079430 0.177305 -0.112107
-0.160355 -0.003523 -0.023945
-0.162320 0.000799 0.022139
-0.065382 -0.520993 -0.181701
-0.026514 -0.387963 -0.175428
-0.043853 -0.468969 -0.181331
-0.104217 -0.558596 -0.171091
-0.119939 -0.553723 -0.164710
-0.200595 -0.225251 -0.015887
-0.196220 -0.183088 -0.006268
-0.023827 -0.232484 -0.152489
-0.055395 -0.195588 -0.141795
-0.184368 -0.132783 0.018124
-0.169088 -0.076109 0.002621
-0.036457 -0.145712 -0.131808
-0.225358 -0.539285 -0.080281
-0.246108 -0.529977 -0.047478
-0.252745 -0.456865 0.009568
-0.232706 -0.372496 0.006240
-0.231603 -0.382062 -0.013751
-0.217748 -0.320319 -0.013950
-0.005966 0.139111 -0.116413
-0.015397 0.112612 -0.118526
-0.078017 0.077271 -0.115113
-0.059171 0.118396 -0.119253
-0.064359 0.097334 -0.118505
-0.016499 0.024976 -0.111719
-0.021086 0.008526 -0.109331
-0.051045 0.033638 -0.112312
-0.016739 0.059014 -0.115519
-0.056816 0.055980 -0.114449
-0.019990 0.076832 -0.117121
-0.164104 -0.011079 0.008488
-0.164000 -0.031926 0.006405
-0.145243 0.006775 -0.059512
-0.033604 -0.347698 -0.169827
-0.029239 -0.411982 -0.177401
-0.135642 -0.536697 -0.157418
-0.084116 -0.558970 -0.177566
-0.197964 -0.543954 -0.111973
-0.168650 -0.540178 -0.136804
-0.180927 -0.552028 -0.126807
-0.212664 -0.281500 0.004027
-0.203868 -0.225791 0.009684
-0.196700 -0.182726 0.011727
-0.188927 -0.149866 0.009168
-0.192688 -0.162687 0.009906
-0.002223 -0.237742 -0.153539
-0.019427 -0.250830 -0.156023
-0.019542 -0.214712 -0.149433
-0.016835 -0.293340 -0.162750
-0.178090 -0.108369 0.014338
-0.173615 -0.090166 0.018025
-0.168017 -0.070592 0.020322
-0.172821 -0.093794 -0.004036
-0.009749 -0.100300 -0.123090
-0.018241 -0.118659 -0.127307
-0.012413 -0.085673 -0.119504
-0.017451 -0.137417 -0.131179
-0.030653 -0.128312 -0.128764
-0.017016 -0.156909 -0.135003
-0.237018 -0.539360 -0.062902
-0.230599 -0.521382 -0.072582
-0.240638 -0.515368 -0.056593
-0.212783 -0.544357 -0.095929
-0.216923 -0.505642 -0.089288
-0.218412 -0.485996 -0.084251
-0.244952 -0.434645 -0.008386
-0.228638 -0.354251 0.006574
-0.223369 -0.343201 -0.012374
-0.228119 -0.364677 -0.013683
-0.210522 -0.356558 -0.055348
-0.219700 -0.355834 -0.033833
-0.209017 -0.337140 -0.049651
-0.216158 -0.336874 -0.032114
-0.185300 -0.308558 -0.081171
-0.202016 -0.307504 -0.051676
-0.209413 -0.321963 -0.041312
-0.243964 -0.417947 0.010309
-0.238496 -0.396349 0.008178
-0.248615 -0.457393 -0.014683
-0.250256 -0.484628 -0.028727
-0.257361 -0.476502 0.007491
-0.256978 -0.492581 -0.011583
-0.255272 -0.502824 -0.023346
-0.024140 -0.008641 -0.106870
-0.037000 0.017825 -0.110608
-0.034816 0.050957 -0.114798
-0.079335 0.058554 -0.112478
-0.038229 0.067749 -0.116346
-0.042278 0.088431 -0.118064
-0.163472 -0.033901 0.024510
-0.141263 0.019356 -0.071148
-0.152273 0.033095 -0.064938
-0.138897 0.031857 -0.079028
-0.034237 -0.528856 -0.186201
-0.044793 -0.545319 -0.185502
-0.055891 -0.532942 -0.183829
-0.063582 -0.556369 -0.182409
-0.074029 -0.542759 -0.180545
-0.013151 -0.352395 -0.171312
-0.017620 -0.370615 -0.173769
-0.049844 -0.413131 -0.175604
-0.009541 -0.402361 -0.177107
-0.050889 -0.448799 -0.178128
-0.014476 -0.448447 -0.181130
-0.014907 -0.469088 -0.183067
-0.018023 -0.489417 -0.185009
-0.030216 -0.457296 -0.181207
-0.150757 -0.549125 -0.148659
-0.094805 -0.541586 -0.174663
-0.097409 -0.522110 -0.173280
-0.204049 -0.529545 -0.105540
-0.177001 -0.515588 -0.129347
-0.208089 -0.264512 -0.010447
-0.214121 -0.298893 -0.007771
-0.217147 -0.303438 0.008914
-0.195976 -0.212345 -0.026951
-0.199897 -0.203361 0.001912
-0.184391 -0.239931 -0.062614
-0.193078 -0.228092 -0.041723
-0.205395 -0.241763 -0.002178
-0.189241 -0.190103 -0.036784
-0.018002 -0.275062 -0.160181
-0.038948 -0.242783 -0.153492
-0.073332 -0.266760 -0.151691
-0.055111 -0.251536 -0.153226
-0.073796 -0.244164 -0.148302
-0.046339 -0.265929 -0.156540
-0.050659 -0.229529 -0.149645
-0.030803 -0.197968 -0.145221
-0.019797 -0.179284 -0.140870
-0.082286 -0.222651 -0.142125
-0.019954 -0.332495 -0.168180
-0.164179 -0.076844 -0.020838
-0.175894 -0.112062 -0.015581
-0.026781 -0.105460 -0.123684
-0.039519 -0.094506 -0.119936
-0.036435 -0.074685 -0.115879
-0.053550 -0.133909 -0.127075
-0.060767 -0.101495 -0.117686
-0.216606 -0.527829 -0.091368
-0.207084 -0.513047 -0.101385
-0.192842 -0.505165 -0.114839
-0.184067 -0.492829 -0.121052
-0.248702 -0.439855 0.007237
-0.186302 -0.354662 -0.091726
-0.200437 -0.341960 -0.068031
-0.240215 -0.413758 -0.006462
-0.252689 -0.473186 -0.013390
-0.236578 -0.465579 -0.051766
-0.231028 -0.481535 -0.066393
-0.040135 -0.022148 -0.107347
-0.067625 0.044938 -0.112381
-0.165416 -0.052373 0.019505
-0.086287 0.018421 -0.103858
-0.110274 -0.002773 -0.090336
-0.137915 -0.007615 -0.067243
-0.050363 -0.509403 -0.183769
-0.034397 -0.501217 -0.185159
-0.049245 -0.378278 -0.171808
-0.033280 -0.366202 -0.172436
-0.015322 -0.424548 -0.179108
-0.031234 -0.479514 -0.183634
-0.139824 -0.512601 -0.154035
-0.159004 -0.522449 -0.142937
-0.154462 -0.504847 -0.144452
-0.155674 -0.482600 -0.141469
-0.140067 -0.486980 -0.151472
-0.120550 -0.516652 -0.163925
-0.123966 -0.494493 -0.160575
-0.181938 -0.534486 -0.126211
-0.185370 -0.138756 -0.003488
-0.179556 -0.132086 -0.022535
-0.180849 -0.153905 -0.037213
-0.026834 -0.263445 -0.158044
-0.037491 -0.284731 -0.160363
-0.042009 -0.213104 -0.147629
-0.169171 -0.113596 -0.037044
-0.166329 -0.095601 -0.030231
-0.014868 -0.062496 -0.114211
-0.032618 -0.050741 -0.110729
-0.039888 -0.165221 -0.135597
-0.041486 -0.181246 -0.140084
-0.061498 -0.079742 -0.112582
-0.052975 -0.062743 -0.110843
-0.047240 -0.114490 -0.123550
-0.064207 -0.121055 -0.122101
-0.209134 -0.284271 -0.020951
-0.210777 -0.304352 -0.027687
-0.195227 -0.316573 -0.067562
-0.244921 -0.468863 -0.034832
-0.241833 -0.490282 -0.049740
-0.224637 -0.464286 -0.070893
-0.212106 -0.460648 -0.086930
-0.204516 -0.476954 -0.098485
-0.202210 -0.492347 -0.103849
-0.198289 -0.455754 -0.101657
-0.173920 -0.454389 -0.124468
-0.186771 -0.445555 -0.111256
-0.170190 -0.471967 -0.129590
-0.188081 -0.468288 -0.114038
-0.061421 -0.023887 -0.104960
-0.053727 -0.038690 -0.106413
-0.070622 -0.048256 -0.103932
-0.049319 -0.010138 -0.106188
-0.165510 -0.063121 -0.001615
-0.163613 -0.049180 -0.004424
-0.110770 0.017330 -0.094143
-0.093373 0.000586 -0.099063
-0.071493 0.027206 -0.108904
-0.059749 0.016273 -0.109083
-0.074237 -0.012597 -0.102776
-0.098620 -0.018740 -0.094195
-0.127461 0.006231 -0.079384
-0.121025 -0.016213 -0.082437
-0.114186 -0.033945 -0.084266
-0.134460 -0.027006 -0.067833
-0.146934 -0.023236 -0.051409
-0.152157 -0.006368 -0.046473
-0.074295 -0.347512 -0.162699
-0.044980 -0.398785 -0.174798
-0.057388 -0.428961 -0.175662
-0.149520 -0.466816 -0.143689
-0.186628 -0.151485 -0.017288
-0.158875 -0.158425 -0.075576
-0.074712 -0.135844 -0.122550
-0.078382 -0.113160 -0.115746
-0.202158 -0.285198 -0.043202
-0.184061 -0.259122 -0.069845
-0.232393 -0.500396 -0.067824
-0.067761 0.001472 -0.105791
-0.091388 -0.039228 -0.096165
-0.140437 -0.070639 -0.062606
-0.089450 -0.387487 -0.162730
-0.069658 -0.379368 -0.167826
-0.126882 -0.468388 -0.156636
-0.171252 -0.156985 -0.057846
-0.181427 -0.219821 -0.062613
-0.093516 -0.125865 -0.113367
-0.185850 -0.282676 -0.073210
-0.177777 -0.295653 -0.088257
-0.171052 -0.308465 -0.099097
-0.181800 -0.325263 -0.090058
-0.177009 -0.371054 -0.105874
-0.077663 -0.059661 -0.103981
-0.088415 -0.073366 -0.102915
-0.148705 -0.053347 -0.048601
-0.124760 -0.108161 -0.090406
-0.066687 -0.328622 -0.161985
-0.076535 -0.399077 -0.168280
-0.117103 -0.420029 -0.154782
-0.107747 -0.373310 -0.153727
-0.096021 -0.410584 -0.162891
-0.111560 -0.397987 -0.154924
-0.132821 -0.407647 -0.144996
-0.086966 -0.366616 -0.161278
-0.114175 -0.335825 -0.146125
-0.112946 -0.353619 -0.149162
-0.067226 -0.363348 -0.166496
-0.073513 -0.443958 -0.173095
-0.103597 -0.434554 -0.162280
-0.172480 -0.238079 -0.080543
-0.183278 -0.174331 -0.044498
-0.160453 -0.177105 -0.081184
-0.171008 -0.177750 -0.067776
-0.181576 -0.197460 -0.057471
-0.151074 -0.322942 -0.120350
-0.206168 -0.378346 -0.069788
-0.144085 -0.037944 -0.053582
-0.130275 -0.042137 -0.070737
-0.137223 -0.055019 -0.064815
-0.153272 -0.069367 -0.042763
-0.099251 -0.087790 -0.100745
-0.117168 -0.089954 -0.090350
-0.136398 -0.089578 -0.073635
-0.051531 -0.356906 -0.168960
-0.124077 -0.366197 -0.144861
-0.140338 -0.449011 -0.146962
-0.136137 -0.427708 -0.145974
-0.148997 -0.409720 -0.135189
-0.173151 -0.434017 -0.121354
-0.154510 -0.429345 -0.134832
-0.170874 -0.407674 -0.117933
-0.181956 -0.390736 -0.104428
-0.203288 -0.436710 -0.092768
-0.211123 -0.428174 -0.081070
-0.201232 -0.414286 -0.089892
-0.070248 -0.461020 -0.176025
-0.106419 -0.480827 -0.167184
-0.170225 -0.134748 -0.046718
-0.174542 -0.253186 -0.082105
-0.172029 -0.204408 -0.074476
-0.188624 -0.207933 -0.045572
-0.165601 -0.327787 -0.108187
-0.157723 -0.310291 -0.112623
-0.139000 -0.312555 -0.128089
-0.156547 -0.341734 -0.119070
-0.137391 -0.333452 -0.132630
-0.161185 -0.361582 -0.118991
-0.151767 -0.375322 -0.128794
-0.139184 -0.368415 -0.136345
-0.167866 -0.387483 -0.117572
-0.157422 -0.395527 -0.126823
-0.174110 -0.346783 -0.103963
-0.198758 -0.356468 -0.075015
-0.191858 -0.371021 -0.088080
-0.119846 -0.051984 -0.081374
-0.128247 -0.072687 -0.077087
-0.101577 -0.103918 -0.103605
-0.110704 -0.122857 -0.104067
-0.148464 -0.087384 -0.058437
-0.157551 -0.101801 -0.050593
-0.156998 -0.086268 -0.044285
-0.158791 -0.119034 -0.058043
-0.127495 -0.349377 -0.140888
-0.143876 -0.351281 -0.130529
-0.230188 -0.445887 -0.055367
-0.240349 -0.447163 -0.032770
-0.224888 -0.402473 -0.046043
-0.213707 -0.405279 -0.069093
-0.096877 -0.350748 -0.155636
-0.090336 -0.332310 -0.155806
-0.058038 -0.308602 -0.160914
-0.090379 -0.451877 -0.169325
-0.107981 -0.459200 -0.164050
-0.086337 -0.470198 -0.172930
-0.072343 -0.485403 -0.178115
-0.051858 -0.488438 -0.182191
-0.066730 -0.503843 -0.180635
-0.088688 -0.487950 -0.173979
-0.083820 -0.506665 -0.176824
-0.103007 -0.502464 -0.170131
-0.100909 -0.315663 -0.149516
-0.123271 -0.318044 -0.138878
-0.089758 -0.297236 -0.151363
-0.110561 -0.296917 -0.142820
-0.128001 -0.298768 -0.133426
-0.055233 -0.290608 -0.158857
-0.085607 -0.283044 -0.150758
-0.124565 -0.385410 -0.146981
-0.137997 -0.391311 -0.140026
-0.198068 -0.393873 -0.087255
-0.102599 -0.055214 -0.093527
-0.111223 -0.071989 -0.090799
-0.124149 -0.130606 -0.097526
-0.144633 -0.105517 -0.070003
-0.142539 -0.123237 -0.079406
-0.157540 -0.136957 -0.068090
-0.233862 -0.428025 -0.039558
-0.134149 -0.284828 -0.127512
-0.071645 -0.297671 -0.156611
-0.141965 -0.141742 -0.087399
-0.089333 -0.253156 -0.145241
-0.094984 -0.267933 -0.145127
-0.128388 -0.263036 -0.127882
-0.120942 -0.277318 -0.134544
-0.108155 -0.258235 -0.138522
-0.144166 -0.254970 -0.115102
-0.161583 -0.265221 -0.100203
-0.130222 -0.243327 -0.123903
-0.160029 -0.250673 -0.098936
-0.145403 -0.273186 -0.117112
-0.160771 -0.288014 -0.105578
-0.173068 -0.273542 -0.088632
-0.125905 0.079241 -0.099300
-0.136265 0.060423 -0.089303
-0.096178 0.067487 -0.110062
-0.145676 0.045553 -0.077574
-0.102545 0.080989 -0.109978
-0.101556 0.050358 -0.105570
-0.124715 0.042015 -0.092890
-0.106326 0.032047 -0.099833
-0.086183 0.038085 -0.107771
-0.157617 -0.022647 -0.029600
-0.152632 -0.035885 -0.039016
-0.161552 -0.033884 -0.012276
-0.037669 0.110549 -0.118968
-0.194837 -0.250971 -0.046573
-0.201971 -0.267924 -0.034906
-0.201431 -0.245704 -0.025733
-0.078443 -0.187365 -0.134907
-0.100705 -0.178462 -0.124655
-0.103104 -0.158850 -0.118075
-0.086653 -0.146979 -0.121547
-0.082083 -0.165723 -0.127736
-0.060371 -0.173518 -0.135244
-0.144383 -0.165035 -0.093303
-0.124062 -0.170239 -0.109778
-0.115297 -0.189600 -0.120459
-0.159463 -0.057276 -0.023869
-0.157716 -0.041604 -0.026171
-0.168268 -0.222709 -0.082921
-0.044695 -0.327059 -0.165329
-0.103702 -0.220576 -0.134292
-0.120297 -0.207234 -0.122667
-0.097653 -0.240635 -0.140886
-0.144317 -0.211207 -0.106881
-0.129474 -0.225355 -0.121463
-0.147540 -0.235029 -0.108857
-0.150570 -0.192224 -0.096318
-0.162520 -0.191853 -0.083692
-0.157182 -0.210363 -0.094185
-0.135602 -0.191326 -0.108099
-0.143738 -0.179728 -0.098552
-0.094136 -0.202084 -0.133512
-0.068908 -0.208206 -0.142260
-0.124208 -0.152077 -0.104713
-0.105755 -0.142587 -0.112010
-0.170147 0.083215 0.033702
0.163536 0.079970 0.065829
0.172073 0.087769 0.034980
0.155570 0.106551 0.079848
0.039623 0.055266 0.153642
0.114606 0.081101 0.140957
0.089254 0.209513 -0.102574
0.158466 0.089322 -0.074563
0.177110 0.070910 -0.003413
0.178796 0.079408 0.003525
0.147576 0.102784 -0.086143
0.173276 0.055852 -0.007838
-0.101166 0.253008 -0.073738
-0.171623 0.065696 -0.051882
-0.164458 0.034243 -0.042707
-0.167943 0.078685 -0.064028
-0.179604 0.064789 -0.026377
-0.184085 0.074955 -0.022210
-0.179983 0.075224 0.002733
-0.162329 0.074673 -0.068607
-0.116329 0.062868 -0.101547
-0.247838 -0.430676 0.031641
-0.167100 -0.507822 0.201530
-0.135513 0.269894 -0.000928
-0.115995 -0.504930 0.232161
-0.185797 -0.430301 0.164420
-0.060254 -0.436449 0.236709
-0.050271 -0.464411 0.246525
0.007941 -0.380974 0.233863
-0.199729 -0.224894 0.046484
-0.114387 -0.015064 0.115942
-0.216493 -0.349754 0.084264
-0.084508 -0.159714 0.164858
-0.096305 -0.090009 0.145224
-0.166201 -0.261315 0.129125
-0.181942 -0.333956 0.134557
-0.146875 -0.109983 0.102251
-0.163118 -0.163592 0.098972
-0.191124 -0.357081 0.133319
-0.083730 -0.246779 0.183323
0.082436 -0.514022 0.262322
0.206648 -0.420246 0.168564
0.050451 -0.396172 0.236243
0.022250 -0.178617 0.191537
0.222281 -0.390003 0.129893
0.084798 -0.148670 0.170088
0.207681 -0.382973 0.149504
0.202335 -0.289093 0.107883
0.064932 0.181690 -0.111254
0.115015 0.113789 -0.106642
-0.008887 0.153919 -0.114801
0.141727 0.003476 -0.057346
0.042523 0.152350 -0.115407
0.206139 -0.236579 0.021682
0.020612 -0.440611 -0.178623
0.090403 -0.537090 -0.167926
0.101260 -0.550403 -0.163307
0.046858 -0.442364 -0.174475
-0.007873 -0.199041 -0.145857
0.173748 -0.105459 -0.011649
0.165045 -0.053534 0.016325
0.080607 -0.277366 -0.145759
0.207591 -0.460299 -0.075133
0.129240 -0.451480 -0.142670
0.172525 -0.419406 -0.105810
0.042477 -0.308536 -0.160238
0.125048 -0.112352 -0.086340
0.114642 -0.136617 -0.100857
0.085510 -0.145396 -0.117579
0.104261 -0.306536 -0.138484
0.124049 -0.314521 -0.128024
0.092531 -0.259062 -0.139544
0.110987 -0.255839 -0.130025
0.205268 -0.285583 -0.021438
-0.209548 -0.261243 0.009342
-0.113520 0.094574 -0.107279
-0.266518 -0.526007 0.010572
-0.029784 0.146769 -0.116424
-0.113666 -0.537936 -0.167534
-0.132268 -0.560043 -0.158411
-0.194588 -0.191583 -0.019815
-0.189271 -0.168831 -0.024187
-0.160573 -0.451990 -0.134259
-0.188757 -0.338048 -0.084363
-0.188457 -0.413419 -0.103099
-0.224120 -0.429689 -0.060326
-0.239016 -0.421631 -0.020197
-0.079579 -0.522214 -0.178499
-0.102719 -0.279414 -0.143692
-0.117649 -0.240733 -0.131478
-0.249549 -0.526377 0.106395
-0.034529 -0.301419 0.210512
-0.099655 -0.449508 0.226065
-0.044254 -0.390081 0.229037
-0.141050 -0.041572 0.087602
-0.147704 0.015952 0.079433
-0.141524 -0.062242 0.094077
-0.240895 -0.473035 0.105170
-0.104602 -0.099062 0.141113
-0.132987 0.048791 0.128799
-0.189135 -0.260064 0.095278
-0.065831 -0.249450 0.190871
0.026275 -0.527713 0.270736
0.199474 -0.510531 0.204098
0.247368 -0.415351 0.053964
0.092315 -0.377528 0.223636
0.227959 -0.430022 0.143334
0.024079 -0.245710 0.202894
0.155581 -0.383960 0.197736
0.039877 0.123730 -0.117678
0.025911 0.168915 -0.112595
0.055935 -0.084113 -0.111620
0.200635 -0.508718 -0.089996
0.149327 -0.532067 -0.136403
0.065525 -0.101688 -0.112751
0.219009 -0.431271 -0.052015
0.193340 -0.291969 -0.051340
0.190611 -0.364865 -0.074304
0.182190 -0.378029 -0.087827
0.200366 -0.306182 -0.042781
0.126486 -0.228895 -0.116479
0.117957 -0.234430 -0.123215
-0.179374 0.067121 -0.008620
-0.171412 0.050627 0.018791
-0.226240 -0.381784 -0.031755
-0.060833 0.075785 -0.116619
-0.222858 -0.327152 0.009342
-0.235637 -0.399340 -0.012752
-0.230451 -0.400524 -0.031873
-0.060575 -0.399536 -0.172140
-0.156536 -0.228315 -0.098480
-0.024630 -0.315756 -0.165635
-0.054664 -0.342753 -0.166480
-0.192666 -0.292454 -0.065008
-0.168235 -0.494395 -0.133751
-0.081045 -0.430535 -0.169842
-0.185024 -0.426814 -0.109221
-0.039170 -0.303853 -0.162718
-0.067246 -0.280026 -0.154977
0.087100 -0.319311 -0.147823