1 2 36 204 210 
1 2 36 44 210 
1 2 44 204 210 
1 2 44 63 210 
1 2 3 63 210 
3 4 54 63 232 
3 4 54 63 232 
3 4 54 232 235 
3 4 5 54 235 
4 5 6 54 235 
4 5 6 230 235 
4 5 6 60 230 
5 6 60 229 230 
5 6 60 229 230 
6 7 61 229 230 
6 7 61 229 230 
7 8 61 227 229 
7 8 67 217 227 
7 8 217 227 247 
8 9 55 217 247 
8 9 10 55 247 
9 10 52 55 247 
9 10 11 52 193 
9 10 11 52 193 
10 11 12 52 193 
10 11 12 52 193 
10 11 12 52 193 
10 11 12 52 193 
10 11 12 52 193 
10 11 12 13 52 
10 11 12 13 52 
11 12 13 14 52 
11 12 13 14 52 
12 13 14 41 52 
12 13 14 15 41 
12 13 14 15 41 
13 14 15 41 51 
13 14 15 41 51 
14 15 16 41 51 
14 15 16 41 51 
14 15 16 41 51 
15 16 17 38 51 
15 16 17 38 51 
15 16 17 38 51 
16 17 18 38 91 
16 17 18 38 91 
16 17 18 91 111 
17 18 38 91 111 
18 19 38 111 115 
18 19 38 111 115 
18 19 20 111 115 
18 19 20 53 115 
19 20 21 53 56 
20 21 22 56 71 
20 21 22 56 71 
21 22 23 71 108 
21 22 23 71 108 
22 23 47 59 117 
22 23 24 59 117 
22 23 24 59 117 
23 24 59 117 124 
24 25 26 62 124 
25 26 62 110 121 
25 26 50 62 121 
25 26 27 50 121 
25 26 27 50 121 
26 27 28 50 121 
26 27 28 50 121 
26 27 28 50 125 
27 28 50 57 125 
27 28 57 104 125 
27 28 39 57 104 
28 29 39 104 125 
29 30 39 92 104 
29 30 31 39 104 
29 30 31 39 104 
29 30 31 35 39 
30 31 32 35 39 
30 31 32 34 35 
30 31 32 33 34 
31 32 33 34 200 
32 33 200 201 219 
31 32 33 200 201 
32 33 34 200 201 
32 33 34 200 201 
31 32 33 34 201 
31 32 33 34 35 
31 32 33 34 35 
31 32 33 34 35 
30 31 34 35 36 
30 31 34 35 36 
30 34 35 36 46 
1 35 36 44 46 
1 35 36 44 46 
1 36 44 46 66 
1 2 36 44 204 
10 11 12 52 55 
37 51 53 58 74 
16 17 18 38 51 
16 17 18 38 91 
17 18 38 91 111 
29 30 39 46 104 
29 30 31 39 46 
31 32 33 34 200 
10 11 12 52 193 
11 12 13 52 55 
40 41 55 58 74 
31 32 33 34 201 
15 16 17 38 51 
16 17 18 38 91 
31 32 33 34 200 
29 30 31 35 39 
11 12 13 52 55 
30 31 32 33 34 
14 15 40 41 51 
16 17 18 38 51 
11 12 13 14 52 
31 32 33 34 35 
15 16 38 41 51 
14 15 16 41 51 
15 16 17 38 51 
12 13 14 40 41 
31 32 33 34 35 
31 32 33 34 35 
13 14 15 41 51 
13 14 15 40 41 
30 31 32 34 35 
15 16 17 38 51 
13 14 15 41 51 
14 15 40 41 51 
42 49 54 64 65 
43 50 63 65 66 
1 2 36 44 66 
9 10 11 52 55 
10 11 12 52 193 
8 45 55 67 69 
17 18 19 38 111 
16 17 18 38 111 
16 17 18 38 91 
28 29 39 57 104 
36 39 46 57 66 
10 11 12 52 193 
29 30 31 35 39 
29 30 35 39 46 
29 30 31 35 39 
30 35 36 39 46 
29 30 39 46 57 
29 30 35 39 46 
30 31 35 39 46 
10 11 12 52 55 
12 13 14 40 52 
16 17 18 38 51 
16 18 37 38 51 
31 32 33 34 200 
14 15 16 41 51 
47 59 64 71 73 
48 54 60 64 72 
24 42 49 59 62 
26 27 43 50 57 
1 2 36 44 66 
1 2 36 44 66 
8 9 10 52 55 
9 10 11 52 55 
9 10 11 52 193 
9 10 11 12 52 
10 11 12 52 193 
7 8 45 55 67 
18 19 20 37 53 
17 18 38 91 111 
28 39 46 57 66 
28 29 39 57 104 
30 35 36 39 46 
30 35 36 39 46 
12 13 40 52 55 
12 13 14 40 41 
12 13 14 40 52 
16 17 18 38 51 
16 17 18 38 51 
18 37 38 51 53 
16 18 37 38 51 
16 17 18 38 51 
37 38 41 51 58 
15 37 38 41 51 
16 37 38 41 51 
37 38 51 53 58 
6 48 60 61 229 
3 4 5 48 54 
1 2 36 44 204 
1 2 36 44 210 
1 2 44 63 210 
9 10 52 55 247 
9 10 52 55 247 
8 9 10 55 247 
19 20 21 53 56 
20 21 53 56 71 
18 19 37 38 53 
18 19 20 38 53 
28 29 30 39 104 
29 30 39 46 104 
28 30 39 46 57 
27 28 46 50 57 
27 28 39 57 104 
1 35 36 44 46 
35 36 44 46 66 
30 35 36 39 46 
36 39 44 46 66 
36 44 46 57 66 
36 44 46 57 66 
35 36 44 46 66 
13 14 40 41 52 
13 14 40 41 58 
13 14 40 41 51 
18 19 37 38 51 
18 19 37 38 53 
18 19 37 38 53 
19 20 37 53 56 
19 20 37 53 56 
21 22 23 47 71 
21 22 23 47 71 
22 23 47 59 71 
22 23 47 71 73 
6 7 61 67 229 
24 25 49 59 124 
23 24 49 59 117 
3 4 54 63 65 
2 3 4 54 63 
3 4 5 48 54 
3 4 42 54 63 
3 4 5 54 235 
25 26 27 50 121 
2 3 44 63 210 
2 3 43 63 210 
1 2 36 44 66 
1 2 44 63 210 
1 2 36 44 66 
8 9 45 55 247 
10 11 12 52 55 
7 8 9 217 247 
7 8 45 61 67 
19 20 21 53 56 
19 20 21 56 71 
20 21 22 56 71 
20 21 22 56 71 
21 22 47 71 73 
18 19 20 53 56 
28 29 39 46 57 
28 29 39 46 57 
28 39 46 57 66 
30 35 36 39 46 
30 36 39 46 57 
28 39 46 57 104 
27 28 50 57 125 
28 39 46 50 57 
12 13 40 52 55 
13 14 40 41 58 
19 37 53 56 74 
19 20 37 53 56 
19 20 37 53 56 
20 53 56 70 74 
37 51 53 58 74 
18 19 37 38 53 
22 23 47 59 117 
23 24 47 59 117 
23 24 47 49 59 
21 22 23 47 71 
21 22 23 47 71 
5 6 60 61 229 
6 7 8 61 229 
7 8 61 67 229 
24 25 49 62 124 
24 25 26 49 62 
24 25 49 59 62 
24 25 26 49 62 
2 3 4 63 232 
2 3 63 210 232 
3 4 42 48 54 
4 5 6 48 60 
26 27 28 50 57 
26 27 28 50 57 
26 27 43 50 57 
26 27 43 50 62 
2 3 43 63 65 
2 3 43 63 65 
1 2 44 63 210 
1 2 43 44 66 
9 10 12 52 55 
9 40 45 52 55 
9 10 45 52 55 
8 9 45 55 67 
8 9 45 55 67 
8 45 52 55 67 
8 9 45 52 55 
7 8 45 61 67 
7 8 61 67 227 
19 20 21 53 56 
20 21 53 56 71 
20 21 53 56 71 
20 21 53 56 71 
20 21 22 56 71 
20 21 22 56 71 
21 22 56 71 73 
44 46 50 57 66 
36 44 46 57 66 
30 35 36 39 46 
26 27 28 50 57 
27 28 46 50 57 
28 39 46 57 66 
28 46 50 57 66 
36 39 46 57 66 
12 13 40 52 55 
13 40 41 52 58 
14 40 41 51 58 
37 40 41 58 74 
37 38 51 53 58 
23 24 47 49 59 
22 23 47 59 64 
23 47 49 59 64 
5 6 48 60 61 
5 6 48 60 61 
4 5 6 48 60 
5 6 48 60 72 
5 6 48 60 61 
6 48 60 61 72 
6 48 60 61 68 
7 8 45 61 67 
6 7 60 61 67 
6 7 60 61 67 
24 25 49 59 62 
24 25 26 49 62 
24 25 26 49 62 
25 42 49 62 65 
25 26 49 50 62 
23 24 59 117 124 
25 26 50 62 121 
25 26 50 62 121 
25 26 43 50 62 
2 3 54 63 65 
26 27 28 50 57 
26 27 28 50 57 
26 43 50 57 66 
26 43 50 62 65 
25 26 27 50 62 
2 3 43 63 65 
43 44 63 65 66 
2 43 44 63 66 
10 11 12 52 55 
9 10 45 52 55 
12 13 40 52 55 
12 13 40 52 55 
8 9 45 55 67 
8 9 45 55 247 
8 45 55 67 69 
7 8 45 61 67 
20 53 56 70 71 
21 22 56 71 73 
27 28 46 50 57 
14 40 41 51 58 
37 40 41 51 58 
37 53 56 70 74 
23 24 47 49 59 
22 23 24 47 59 
47 59 64 72 73 
23 47 59 64 73 
6 48 60 61 72 
5 48 54 60 72 
48 60 61 68 72 
6 7 60 61 229 
6 7 60 61 229 
25 26 43 50 62 
25 26 49 50 62 
26 27 43 50 57 
27 43 50 57 66 
26 43 50 57 62 
25 26 43 50 62 
26 43 50 62 65 
42 43 49 62 65 
25 42 49 62 65 
25 42 49 62 65 
42 49 59 62 65 
42 49 59 62 65 
42 49 59 64 65 
24 42 49 59 64 
42 43 49 62 65 
42 49 59 62 64 
42 47 49 59 64 
42 49 54 62 65 
42 47 49 59 64 
23 24 49 59 64 
42 47 49 59 64 
42 47 49 59 64 
23 47 49 59 64 
3 42 43 63 65 
42 43 62 63 65 
43 50 62 63 65 
2 43 44 63 65 
43 50 62 63 65 
43 50 62 63 65 
26 43 50 62 65 
43 44 63 65 66 
43 44 46 57 66 
2 43 44 63 66 
12 40 45 52 55 
27 28 50 57 66 
15 37 41 51 58 
14 15 37 41 51 
37 40 41 51 58 
37 40 41 51 58 
37 51 53 58 74 
22 23 47 59 71 
3 4 5 48 54 
7 60 61 67 68 
7 45 61 67 69 
45 61 67 68 69 
8 45 55 67 69 
45 61 67 68 69 
7 45 61 67 69 
7 8 45 61 67 
68 69 70 72 73 
6 60 61 67 68 
60 61 67 68 69 
48 60 61 68 72 
56 70 71 73 74 
45 67 68 69 70 
60 61 67 68 69 
53 56 70 71 73 
45 61 67 68 69 
45 61 67 68 69 
45 61 67 68 69 
67 68 69 70 73 
48 60 61 68 72 
60 61 67 68 69 
45 67 68 69 70 
20 21 56 70 71 
3 4 42 54 63 
3 42 54 63 65 
42 47 49 59 64 
42 43 62 63 65 
42 43 62 63 65 
43 50 57 62 66 
43 44 50 63 66 
43 50 57 65 66 
43 44 50 57 66 
43 50 62 65 66 
43 44 50 63 66 
43 50 62 63 65 
2 43 44 63 65 
44 46 50 57 66 
36 44 46 57 66 
43 46 50 57 66 
1 36 44 46 66 
2 36 43 44 66 
43 44 50 63 66 
36 43 44 46 66 
43 44 50 63 66 
43 44 50 57 66 
2 43 44 63 66 
37 40 41 51 58 
37 40 41 58 74 
40 45 58 69 74 
37 40 41 58 74 
40 45 55 67 69 
37 51 53 58 74 
37 40 41 58 74 
37 53 56 58 74 
37 53 58 70 74 
37 51 53 58 74 
37 40 53 58 74 
22 23 47 59 71 
4 5 48 54 60 
4 42 48 54 64 
42 48 54 64 72 
42 48 54 64 72 
48 60 68 72 73 
53 56 70 71 74 
56 69 70 73 74 
45 55 67 68 69 
42 48 49 54 64 
3 42 54 63 65 
42 43 54 63 65 
43 44 50 63 66 
43 46 50 57 66 
43 46 50 57 66 
1 36 44 46 66 
1 36 44 46 66 
36 43 44 46 66 
43 44 50 57 66 
9 40 45 52 55 
37 40 41 51 58 
37 40 41 51 58 
37 41 51 58 74 
37 53 58 70 74 
42 48 49 64 72 
42 48 49 64 72 
42 48 54 64 72 
42 48 54 64 72 
47 59 64 72 73 
47 59 64 72 73 
42 48 49 54 64 
3 4 42 48 54 
48 60 64 68 72 
48 60 64 68 72 
5 48 60 64 72 
21 22 56 71 73 
47 56 70 71 73 
47 56 70 71 73 
56 70 71 73 74 
47 56 70 71 73 
56 68 70 71 73 
68 69 70 72 73 
68 69 70 72 73 
53 56 70 71 73 
37 53 56 70 74 
53 56 69 70 74 
53 68 69 70 74 
68 69 70 73 74 
53 56 69 70 74 
56 70 71 73 74 
45 61 67 68 69 
45 68 69 70 74 
45 67 68 69 74 
45 68 69 70 74 
68 69 70 73 74 
37 40 41 58 74 
37 40 58 69 74 
37 58 69 70 74 
40 45 55 67 69 
13 40 45 52 55 
37 40 53 58 74 
37 53 58 70 74 
37 53 56 70 74 
4 5 48 54 60 
4 5 48 54 60 
4 5 48 54 235 
47 59 64 72 73 
47 59 64 72 73 
47 59 64 71 73 
22 47 64 71 73 
48 60 64 68 72 
47 48 64 72 73 
47 56 70 71 73 
42 48 54 64 65 
4 42 48 54 64 
42 48 60 64 72 
42 48 60 64 72 
48 60 61 68 72 
68 69 70 72 73 
64 68 70 72 73 
60 68 69 72 73 
68 70 71 72 73 
47 70 71 72 73 
47 64 71 72 73 
47 68 70 72 73 
47 64 68 72 73 
47 68 70 72 73 
53 58 69 70 74 
58 68 69 70 74 
37 53 58 70 74 
68 69 70 73 74 
45 55 67 69 74 
40 58 69 70 74 
40 45 58 69 74 
9 40 45 52 55 
13 40 41 52 55 
47 48 64 72 73 
47 48 64 72 73 
48 64 68 72 73 
22 47 56 71 73 
42 49 54 63 65 
48 60 64 68 72 
40 58 69 70 74 
58 68 69 70 74 
45 58 69 70 74 
40 45 55 67 69 
45 55 67 69 74 
40 45 58 69 74 
40 45 52 55 69 
40 45 52 55 58 
40 45 52 55 58 
40 45 55 58 74 
40 45 58 69 74 
40 45 55 58 69 
15 16 38 41 51 
30 31 32 34 35 
30 31 32 34 35 
30 31 32 34 35 
30 31 34 35 36 
30 31 34 35 39 
30 31 32 34 35 
30 31 34 35 36 
24 25 49 59 62 
3 42 54 63 65 
3 4 54 63 65 
23 24 42 49 59 
68 69 70 73 74 
75 76 98 155 164 
75 76 77 103 164 
75 76 77 123 164 
76 77 78 123 177 
76 77 78 123 177 
77 78 79 171 177 
77 78 79 109 171 
78 79 109 171 179 
78 79 109 119 179 
78 79 80 119 179 
80 81 107 119 175 
81 82 118 175 190 
81 82 118 175 190 
81 82 118 122 190 
81 82 83 122 190 
81 82 83 122 190 
82 83 84 122 166 
82 83 84 122 166 
83 84 85 100 165 
83 84 85 134 165 
84 85 86 134 165 
84 85 86 100 134 
84 85 86 100 134 
84 85 86 100 134 
84 85 86 87 134 
84 85 86 87 134 
85 86 87 100 134 
85 86 87 100 116 
86 87 88 100 116 
86 87 88 100 116 
86 87 88 100 116 
86 87 88 112 116 
87 88 89 112 116 
87 88 89 112 116 
87 88 89 112 116 
87 88 89 90 112 
88 89 90 112 113 
88 89 90 112 113 
88 89 90 91 111 
89 90 91 111 113 
17 89 90 91 111 
17 89 90 91 111 
17 18 90 91 111 
17 18 90 91 111 
29 39 92 99 104 
29 92 93 99 104 
29 92 93 99 104 
92 93 94 97 99 
92 93 94 96 97 
92 93 94 95 96 
93 94 95 96 152 
93 94 95 152 153 
94 95 96 152 153 
94 95 96 152 153 
93 94 95 96 153 
93 94 95 96 97 
93 94 95 96 97 
93 94 95 96 97 
92 93 96 97 99 
93 96 97 98 99 
96 97 98 99 106 
97 98 99 103 106 
75 97 98 103 106 
75 76 98 103 106 
75 76 98 103 106 
17 18 90 91 111 
29 39 92 99 104 
92 97 99 104 106 
93 94 95 96 152 
84 87 100 116 246 
89 90 91 111 113 
92 93 97 99 104 
92 93 94 96 97 
93 94 95 96 152 
92 93 94 95 96 
86 87 100 116 246 
17 18 90 91 111 
92 93 97 99 104 
92 93 94 96 97 
93 94 95 96 152 
93 94 95 96 97 
93 94 95 96 152 
88 89 90 112 113 
86 87 88 100 116 
84 85 86 87 100 
89 90 91 111 113 
89 90 111 112 113 
88 89 90 112 113 
86 87 88 100 116 
87 88 89 112 116 
18 90 91 111 115 
87 88 89 112 116 
88 89 112 113 116 
88 89 90 112 113 
87 88 89 112 116 
101 107 120 126 133 
102 121 123 128 129 
76 98 103 106 129 
17 18 91 111 115 
28 29 99 104 106 
20 105 114 115 132 
83 84 85 86 100 
17 18 90 91 111 
17 18 38 91 111 
92 93 94 96 97 
92 93 96 97 99 
92 93 96 97 99 
92 93 96 97 99 
92 93 96 97 99 
92 93 97 98 99 
92 93 94 96 97 
92 97 98 99 106 
97 98 99 104 106 
29 92 97 99 104 
92 93 97 99 104 
98 99 104 106 125 
29 39 92 99 104 
98 99 104 106 125 
97 98 99 104 106 
84 85 86 100 134 
84 85 86 100 134 
84 85 86 87 100 
84 86 87 100 116 
84 85 86 87 100 
85 86 87 100 116 
84 85 86 100 116 
83 84 85 86 100 
85 86 87 100 116 
84 85 86 87 100 
86 87 100 116 246 
84 85 86 100 116 
86 87 88 100 116 
86 87 88 100 116 
86 87 88 112 116 
93 94 95 96 152 
87 88 112 116 246 
80 107 118 119 133 
21 22 108 126 132 
78 79 109 127 128 
110 121 124 127 128 
75 76 98 103 106 
18 38 91 111 115 
97 98 99 103 106 
97 98 99 103 106 
98 99 103 106 129 
83 84 85 100 122 
82 83 84 100 122 
18 90 91 111 115 
18 90 91 111 115 
92 93 97 99 104 
29 92 99 104 106 
29 92 99 104 106 
29 92 99 104 106 
29 92 99 104 106 
29 39 92 99 104 
28 29 39 99 104 
28 29 39 99 104 
85 86 87 100 116 
83 84 85 86 100 
83 84 85 86 100 
83 84 85 86 100 
88 112 113 114 116 
88 89 112 113 114 
111 112 113 114 115 
89 112 113 114 115 
88 89 112 113 116 
89 112 113 114 116 
87 88 89 112 116 
88 89 112 116 246 
112 113 114 116 246 
112 113 114 115 116 
112 113 114 116 246 
112 113 114 116 246 
105 112 113 114 115 
105 111 113 114 115 
105 113 114 115 132 
105 113 114 115 132 
105 111 113 114 115 
112 113 114 130 246 
105 112 113 114 246 
105 111 113 114 115 
111 112 113 114 115 
18 90 111 113 115 
90 91 111 113 115 
105 113 114 115 132 
112 114 116 130 246 
87 100 112 116 246 
112 114 116 130 246 
112 113 114 115 246 
105 113 114 115 132 
19 105 111 113 115 
19 20 105 113 115 
87 100 112 116 246 
100 112 116 130 246 
87 100 112 116 246 
18 19 111 113 115 
86 87 100 116 246 
19 20 105 113 115 
18 19 105 111 115 
19 105 111 113 115 
88 89 90 112 113 
89 90 111 113 115 
80 81 107 118 119 
22 23 24 117 126 
20 21 105 108 132 
76 77 78 123 128 
76 77 102 103 123 
26 27 102 121 125 
25 26 27 102 121 
25 26 62 110 121 
75 76 77 103 123 
75 76 98 103 123 
75 76 98 103 123 
75 76 77 103 123 
75 76 98 103 106 
75 97 98 103 106 
75 76 98 103 164 
18 19 38 111 115 
98 99 104 106 125 
98 103 106 125 129 
28 29 39 104 125 
19 20 21 105 115 
83 84 85 100 122 
82 83 84 100 122 
81 82 83 118 122 
28 29 104 106 125 
112 113 114 116 246 
112 113 114 116 246 
18 19 111 113 115 
18 91 111 113 115 
18 19 111 113 115 
90 91 111 113 115 
87 100 112 116 246 
18 19 20 105 115 
19 20 21 105 115 
19 20 105 115 132 
19 20 21 105 132 
18 19 20 111 115 
18 19 20 111 115 
89 90 111 112 113 
89 90 111 112 113 
89 111 112 113 115 
90 91 111 113 115 
79 80 107 119 175 
80 81 107 118 175 
80 81 107 119 175 
80 81 107 118 175 
23 24 117 124 126 
20 21 56 105 108 
78 79 109 119 179 
78 79 109 119 179 
79 80 109 119 179 
77 78 79 109 128 
77 78 79 109 128 
25 26 110 121 124 
23 24 25 117 124 
24 25 110 117 124 
24 25 49 117 124 
75 76 77 123 177 
75 76 77 103 123 
26 27 28 121 125 
26 27 102 121 125 
18 19 111 113 115 
92 98 99 104 106 
28 99 104 106 125 
28 104 106 125 129 
28 99 104 106 125 
27 28 104 106 125 
99 104 106 125 129 
27 28 57 104 125 
27 28 57 104 125 
112 114 116 130 246 
18 19 91 111 115 
87 88 112 116 246 
87 88 112 116 246 
19 20 21 105 115 
90 111 112 113 115 
79 80 107 119 179 
79 80 107 118 119 
80 107 118 119 133 
79 80 107 119 120 
80 81 107 118 175 
81 107 118 119 133 
80 101 107 119 133 
80 101 107 119 120 
80 81 107 118 175 
80 81 107 118 175 
80 81 107 118 133 
81 82 107 118 133 
101 107 118 119 133 
81 82 118 122 190 
81 82 118 175 190 
22 23 24 59 117 
21 22 23 108 117 
21 22 23 71 108 
20 21 22 71 108 
78 79 109 119 128 
79 80 109 119 179 
79 80 107 119 179 
79 80 107 119 120 
79 107 109 119 120 
79 80 109 119 120 
79 80 109 119 120 
79 109 119 120 127 
79 107 109 119 120 
78 79 109 119 179 
78 79 109 119 128 
101 119 120 126 127 
77 78 79 109 123 
77 78 109 123 128 
77 78 109 123 128 
23 24 59 117 124 
23 24 117 124 126 
26 27 28 57 125 
25 26 27 110 121 
25 26 102 110 121 
25 26 27 62 121 
81 82 83 118 122 
81 82 118 122 133 
82 83 118 122 130 
82 83 84 122 166 
112 113 114 116 246 
100 112 114 116 246 
100 112 114 116 246 
100 112 114 116 246 
88 100 112 116 246 
18 19 20 105 115 
19 20 21 105 115 
20 21 105 108 132 
80 107 118 119 133 
101 107 119 120 133 
101 107 119 120 126 
101 107 120 126 133 
101 107 118 119 133 
101 107 119 120 126 
101 107 119 120 133 
22 23 108 117 126 
22 23 108 117 126 
22 101 108 117 126 
22 23 108 117 126 
22 23 108 117 126 
21 22 23 108 126 
20 21 22 105 108 
20 21 22 108 132 
20 21 105 108 132 
19 20 21 56 105 
19 20 21 105 115 
109 110 120 127 128 
79 80 107 119 179 
79 109 119 120 128 
101 107 119 120 126 
101 119 120 126 127 
101 117 120 126 127 
101 107 120 126 133 
101 119 120 126 127 
101 117 120 126 127 
107 109 119 120 127 
76 77 78 123 128 
77 78 109 123 128 
78 79 109 123 128 
24 25 62 110 124 
24 25 110 117 124 
25 110 117 124 127 
110 117 124 127 128 
24 25 110 121 124 
76 77 78 123 177 
76 77 78 123 177 
76 77 102 123 128 
27 102 121 125 129 
27 102 121 125 129 
26 27 102 121 129 
81 82 83 118 122 
82 83 84 100 122 
105 108 114 131 132 
20 21 105 108 132 
101 107 118 119 133 
21 22 23 108 126 
23 24 117 124 126 
23 117 120 126 127 
21 22 71 108 132 
21 105 108 131 132 
109 119 120 127 128 
109 110 120 127 128 
109 119 120 127 128 
109 119 120 126 127 
109 120 126 127 128 
109 120 124 126 127 
23 24 117 124 126 
24 25 110 117 124 
24 110 117 124 127 
110 120 124 127 128 
110 121 124 127 128 
76 77 78 103 123 
76 77 102 103 123 
76 102 103 123 129 
26 27 102 110 121 
27 28 106 125 129 
27 28 104 106 125 
27 28 106 125 129 
102 103 106 125 129 
27 103 106 125 129 
103 104 106 125 129 
98 103 106 125 129 
102 103 106 125 129 
26 102 110 121 129 
26 27 102 121 129 
27 102 110 121 129 
82 83 84 122 130 
83 84 100 122 246 
83 84 100 122 246 
105 113 114 115 132 
22 23 108 117 126 
21 22 108 126 132 
21 22 105 108 132 
101 108 117 120 126 
23 24 117 124 126 
117 120 124 126 127 
24 117 124 126 127 
117 120 124 126 127 
24 110 117 124 127 
110 117 124 127 128 
109 120 124 127 128 
110 120 124 127 128 
20 21 105 108 132 
101 105 108 131 132 
21 105 108 131 132 
101 105 108 131 132 
105 108 114 131 132 
101 107 108 120 126 
101 117 120 126 127 
77 102 109 123 128 
77 78 109 123 128 
109 110 123 127 128 
78 109 123 127 128 
109 110 124 127 128 
102 109 110 123 128 
109 110 123 127 128 
77 102 110 123 128 
110 121 124 127 128 
102 110 121 123 128 
102 110 123 127 128 
102 110 121 123 128 
102 110 121 123 128 
109 110 120 127 128 
109 110 123 127 128 
25 110 121 124 127 
76 102 103 123 129 
27 28 106 125 129 
27 28 121 125 129 
27 102 121 125 129 
102 110 121 123 129 
83 84 100 122 246 
83 84 85 100 122 
82 83 84 100 122 
84 100 116 122 246 
83 84 100 122 246 
19 20 21 105 132 
101 107 118 131 133 
101 107 126 131 133 
101 107 118 131 133 
101 107 118 131 133 
21 22 101 108 126 
101 108 117 126 132 
120 124 126 127 128 
110 120 124 127 128 
78 79 109 127 128 
117 120 124 126 127 
109 110 124 127 128 
102 121 123 128 129 
77 102 123 128 129 
102 103 123 128 129 
76 77 102 103 123 
76 102 103 123 129 
76 102 103 123 129 
102 103 121 123 129 
109 110 120 127 128 
75 76 98 103 129 
102 103 106 123 129 
102 103 121 123 129 
102 103 121 125 129 
102 103 121 125 129 
102 103 106 125 129 
102 103 121 123 129 
102 103 121 125 129 
102 103 123 125 129 
83 100 122 130 246 
82 83 122 130 246 
83 100 122 130 246 
117 120 124 126 127 
25 26 102 110 121 
25 110 121 124 128 
102 110 121 124 128 
26 102 110 121 128 
25 26 102 110 121 
102 110 121 124 128 
76 102 103 123 129 
75 76 103 123 129 
76 98 103 106 129 
75 98 103 106 129 
98 99 103 106 129 
76 98 103 106 129 
98 103 106 125 129 
97 98 99 103 106 
114 122 130 131 246 
100 114 116 130 246 
109 110 124 127 128 
100 122 130 131 246 
100 116 122 130 246 
100 114 130 131 246 
112 113 114 130 246 
105 113 114 130 132 
105 114 130 131 132 
105 113 114 131 132 
93 94 95 96 97 
93 94 95 96 97 
81 82 107 118 122 
81 101 107 118 133 
24 110 117 124 127 
82 83 118 122 130 
81 82 83 118 122 
21 22 105 108 132 
101 108 117 120 126 
101 108 117 120 126 
101 108 117 120 126 
101 108 126 132 133 
101 108 126 132 133 
101 108 126 131 132 
101 108 117 120 126 
23 101 108 117 126 
101 108 131 132 133 
101 108 131 132 133 
101 108 131 132 133 
101 108 120 126 133 
101 117 120 126 127 
101 108 126 132 133 
25 26 110 121 124 
25 26 110 121 124 
100 114 116 130 246 
100 116 122 130 246 
114 122 130 131 246 
101 130 131 132 133 
122 130 131 133 246 
122 130 131 132 133 
118 122 130 131 133 
114 130 131 133 246 
105 114 130 131 132 
114 130 131 132 246 
114 130 131 132 133 
105 114 130 131 132 
114 130 131 132 133 
114 130 131 132 246 
114 130 131 132 246 
105 114 130 131 132 
101 130 131 132 133 
105 108 130 131 132 
105 108 114 131 132 
101 108 131 132 133 
101 105 108 131 132 
101 108 131 132 133 
101 130 131 132 133 
101 130 131 132 133 
114 130 131 132 246 
101 118 130 131 133 
101 130 131 132 133 
118 122 130 131 133 
118 122 130 131 133 
81 82 118 122 133 
81 82 118 122 133 
118 122 130 131 133 
118 122 130 131 133 
107 118 130 131 133 
101 107 118 131 133 
118 130 131 132 133 
101 107 118 131 133 
101 118 130 131 133 
118 122 130 131 246 
118 122 130 131 133 
81 82 118 122 130 
84 85 86 134 135 
84 85 86 134 135 
84 85 134 135 165 
85 134 135 136 165 
85 134 135 136 165 
134 135 136 165 178 
134 135 136 165 178 
134 135 136 137 178 
135 136 137 178 182 
135 136 137 178 182 
136 137 138 178 182 
136 137 138 178 182 
136 137 138 139 182 
137 138 139 163 182 
137 138 139 163 182 
137 138 139 163 182 
138 139 140 163 182 
138 139 140 163 198 
138 139 140 163 198 
138 139 140 198 221 
139 140 163 198 221 
140 141 163 221 222 
141 142 186 213 222 
141 142 186 222 241 
141 142 143 186 241 
141 142 143 186 241 
142 143 144 215 241 
142 143 144 215 241 
142 143 144 167 231 
143 144 167 225 231 
144 145 173 225 231 
145 146 170 220 225 
145 146 170 220 225 
145 146 170 181 220 
145 146 147 181 220 
145 146 147 170 181 
146 147 181 209 216 
147 172 181 209 224 
147 148 172 209 224 
148 149 172 223 224 
148 149 160 172 224 
148 149 150 160 212 
149 150 151 199 212 
149 150 151 157 199 
150 151 152 157 199 
150 151 152 157 199 
150 151 152 157 199 
94 151 152 153 157 
94 95 151 152 153 
94 95 96 152 153 
94 95 152 153 154 
95 152 153 154 157 
95 152 153 154 157 
153 154 155 157 158 
153 154 155 157 158 
153 154 155 157 158 
154 155 156 158 164 
75 154 155 158 164 
75 155 156 158 164 
75 76 155 156 164 
156 158 159 164 176 
150 151 154 157 160 
75 76 155 156 164 
154 155 156 158 159 
153 154 157 158 160 
94 95 151 152 153 
94 95 151 152 153 
95 151 152 153 157 
154 155 158 159 160 
153 154 157 158 160 
94 95 96 152 153 
94 95 96 152 153 
94 95 151 152 153 
94 95 152 153 154 
95 152 153 154 157 
94 95 151 152 153 
75 155 156 158 164 
154 155 157 158 160 
94 95 152 153 154 
93 94 95 152 153 
95 152 153 154 157 
153 154 157 158 160 
151 153 154 157 160 
151 152 153 154 157 
154 155 156 158 164 
154 155 156 158 159 
151 152 153 154 157 
153 154 157 158 160 
154 157 158 159 160 
156 158 159 160 172 
150 151 152 157 160 
155 156 158 159 160 
154 157 158 159 160 
154 156 158 159 160 
154 157 158 159 160 
154 155 156 158 159 
150 151 152 153 157 
149 157 158 159 160 
150 151 152 157 199 
154 157 158 159 160 
154 157 158 159 160 
154 157 158 159 160 
149 157 158 159 160 
84 85 86 134 165 
84 85 134 135 165 
161 165 166 184 185 
162 167 169 188 191 
139 140 163 180 182 
139 140 163 198 221 
139 140 163 198 221 
138 139 140 163 198 
75 76 98 103 164 
149 150 151 157 199 
94 95 151 152 153 
75 155 156 158 164 
75 76 155 156 164 
155 156 158 159 164 
155 156 158 159 164 
155 156 158 159 164 
155 156 158 164 177 
155 156 164 176 177 
76 155 156 164 177 
75 76 155 164 177 
155 156 164 176 177 
155 156 164 176 177 
148 149 159 160 172 
148 149 157 159 160 
148 149 150 159 160 
148 158 159 160 172 
148 149 159 160 172 
148 149 159 160 172 
156 157 158 159 160 
156 158 159 160 172 
148 149 159 160 172 
148 149 159 160 172 
148 149 159 172 224 
150 151 157 160 199 
151 153 154 157 160 
149 150 151 157 160 
84 85 134 135 165 
84 135 161 165 166 
84 85 134 135 165 
82 161 166 185 190 
162 167 173 174 188 
168 169 189 191 192 
162 169 175 190 191 
145 146 170 173 192 
78 171 179 183 189 
139 140 163 180 222 
139 140 163 198 222 
75 76 77 164 177 
76 77 164 176 177 
77 156 164 176 177 
75 76 77 164 177 
75 76 77 164 177 
75 76 77 164 177 
149 150 151 157 160 
155 156 158 159 164 
155 156 158 159 164 
155 156 164 176 177 
148 149 150 160 212 
148 149 159 160 172 
148 149 150 157 160 
149 150 157 159 160 
149 150 157 159 160 
149 150 151 157 160 
148 156 159 172 176 
148 156 159 160 172 
156 158 159 160 172 
156 158 159 172 176 
147 148 159 172 224 
83 84 85 134 165 
84 85 86 134 165 
83 84 85 134 165 
134 135 136 165 178 
84 85 134 135 165 
134 135 136 165 178 
85 134 135 136 165 
134 135 136 165 178 
83 84 85 134 165 
135 136 137 165 178 
143 144 167 173 225 
144 167 170 173 225 
142 167 174 186 188 
79 80 168 175 179 
80 81 169 175 190 
141 142 180 186 222 
136 137 138 178 182 
137 138 139 163 182 
138 139 140 163 182 
140 141 163 180 222 
139 140 163 221 222 
138 139 140 163 182 
76 77 123 164 177 
145 146 147 170 181 
75 76 77 164 177 
76 77 123 164 177 
76 77 123 164 177 
77 156 164 176 177 
156 164 176 177 183 
156 164 176 177 183 
156 172 176 177 183 
156 159 164 172 176 
77 164 171 176 177 
75 76 155 164 177 
76 77 156 164 177 
156 158 159 164 176 
147 148 172 181 224 
147 148 159 172 224 
148 149 159 172 224 
134 135 161 165 178 
84 85 134 135 165 
83 84 85 134 165 
83 84 161 165 166 
81 82 83 166 190 
81 82 166 175 190 
135 136 137 178 187 
134 135 136 165 178 
142 143 144 167 174 
143 144 167 173 225 
144 145 170 173 225 
79 80 168 175 179 
145 146 170 220 225 
145 146 170 181 220 
77 78 79 171 179 
77 78 79 171 177 
78 79 80 171 179 
140 141 163 221 222 
140 141 163 186 222 
137 138 178 182 187 
136 137 178 182 187 
137 138 163 182 187 
138 139 140 163 182 
138 139 140 163 182 
138 139 140 163 180 
138 139 140 163 182 
140 141 163 180 186 
140 141 163 180 186 
141 163 180 182 186 
146 147 181 209 216 
145 146 147 170 181 
146 147 181 209 216 
146 147 172 181 209 
146 147 170 172 181 
156 164 172 176 177 
156 164 176 177 183 
156 172 176 181 183 
156 159 172 176 181 
148 156 159 172 176 
147 172 176 181 183 
156 158 159 172 176 
171 176 177 183 189 
147 148 172 209 224 
147 148 159 172 224 
83 84 85 122 165 
82 83 84 165 166 
134 135 161 165 178 
135 136 161 165 178 
84 134 135 161 165 
84 85 134 161 165 
81 82 166 175 190 
134 135 136 165 178 
136 137 161 178 187 
143 144 167 173 225 
144 145 167 173 225 
143 144 173 225 231 
144 145 170 173 225 
144 145 173 225 231 
145 146 170 220 225 
144 145 170 173 225 
79 80 119 175 179 
80 81 168 175 179 
79 80 119 175 179 
80 81 118 169 175 
81 82 118 175 190 
78 79 109 171 179 
78 79 119 171 179 
78 79 171 179 189 
79 80 171 179 189 
78 79 171 179 189 
78 171 177 179 183 
171 177 179 183 189 
77 78 171 176 177 
77 78 164 171 177 
164 171 176 177 183 
78 79 171 177 179 
77 78 171 177 179 
76 77 78 164 177 
141 163 180 186 222 
140 141 163 180 186 
141 142 174 186 241 
141 142 174 186 241 
136 137 138 182 187 
135 136 137 178 182 
135 136 137 178 187 
163 180 182 186 187 
138 163 180 182 187 
138 139 163 180 182 
77 164 171 176 177 
76 77 78 164 177 
145 146 170 181 183 
146 147 170 181 183 
156 164 176 177 183 
156 159 172 176 183 
156 172 176 181 183 
148 156 159 172 176 
148 156 159 172 176 
156 158 159 172 176 
147 172 176 181 183 
147 172 176 181 183 
156 172 176 181 183 
146 147 176 181 183 
147 172 176 181 183 
83 84 85 165 166 
83 84 85 165 166 
82 83 84 122 166 
82 83 84 122 166 
135 136 161 165 178 
135 161 165 178 187 
135 136 161 165 178 
82 83 122 166 190 
82 83 84 166 190 
142 143 144 174 241 
142 143 174 186 241 
141 142 143 174 186 
144 145 167 173 225 
144 167 173 188 225 
144 162 167 173 188 
143 144 167 173 225 
143 144 167 173 188 
143 144 167 225 231 
145 167 170 173 192 
145 167 170 173 225 
80 81 168 169 175 
80 168 169 175 179 
80 81 168 169 175 
80 168 169 175 191 
79 80 168 179 189 
79 80 168 179 189 
80 168 179 189 191 
79 80 168 175 179 
168 179 189 191 192 
79 168 171 179 189 
81 82 169 175 190 
80 81 169 175 190 
81 82 118 175 190 
79 168 171 179 189 
77 164 171 176 177 
156 171 176 177 183 
141 142 174 180 186 
135 136 137 178 187 
138 139 140 163 182 
137 138 163 182 187 
137 138 178 182 187 
136 137 178 182 187 
136 137 178 182 187 
136 161 165 178 187 
136 161 165 178 187 
136 161 165 178 187 
161 165 178 184 187 
161 165 178 184 187 
141 163 180 182 186 
163 178 180 182 187 
138 163 180 182 187 
163 180 182 186 187 
163 180 182 186 187 
138 163 180 182 187 
178 180 182 184 187 
138 163 180 182 187 
146 147 170 181 183 
146 147 172 176 181 
171 176 181 183 189 
135 161 165 166 178 
82 83 166 185 190 
81 82 166 185 190 
81 82 83 166 190 
142 143 144 167 173 
142 143 144 167 174 
142 143 167 174 188 
141 142 143 174 186 
141 142 143 174 186 
145 146 170 173 225 
145 146 170 173 192 
145 146 170 181 192 
145 170 173 192 225 
145 170 173 192 225 
80 81 168 169 175 
79 80 119 171 179 
79 80 119 171 179 
168 179 189 191 192 
79 168 171 179 189 
168 171 179 189 192 
78 79 171 179 189 
156 164 176 177 183 
156 172 176 181 183 
170 171 176 181 183 
156 176 177 181 183 
171 176 177 181 183 
141 142 143 174 186 
141 142 174 180 186 
141 142 174 180 186 
174 180 184 186 187 
163 174 180 186 187 
141 163 174 180 186 
141 163 174 180 186 
141 142 174 180 186 
174 180 184 186 188 
161 184 185 187 188 
174 180 184 186 187 
174 180 184 186 187 
136 137 178 182 187 
161 178 184 185 187 
135 161 165 166 178 
138 163 180 182 186 
161 178 182 184 187 
161 178 184 185 187 
137 178 180 182 187 
83 84 161 165 166 
82 83 166 185 190 
161 166 169 185 190 
166 169 175 185 190 
142 143 174 186 188 
142 167 174 186 188 
141 142 174 186 188 
145 170 173 192 225 
168 171 179 183 189 
141 142 174 180 186 
141 174 180 186 188 
174 180 184 186 187 
161 165 166 185 190 
161 166 178 184 185 
161 184 185 187 188 
161 184 185 187 188 
161 166 184 185 187 
161 178 180 184 187 
161 165 166 178 185 
136 137 178 182 187 
178 180 182 184 187 
161 178 180 184 187 
178 180 182 184 187 
136 161 178 182 187 
146 170 176 181 183 
170 176 181 183 189 
83 84 161 165 166 
83 84 161 165 166 
83 161 165 166 190 
82 161 166 185 190 
82 166 169 185 190 
143 144 167 173 188 
142 143 167 174 188 
162 167 174 184 188 
168 171 179 189 192 
171 179 183 189 192 
168 170 189 191 192 
170 176 181 183 189 
170 171 183 189 192 
170 181 183 189 192 
170 181 183 189 192 
171 176 179 183 189 
171 176 177 183 189 
170 181 183 189 192 
171 176 177 183 189 
170 181 183 189 192 
171 176 177 183 189 
171 179 183 189 192 
174 180 184 186 187 
174 184 186 187 188 
174 184 185 187 188 
174 180 184 186 188 
162 167 174 184 188 
161 165 166 184 185 
161 178 180 184 187 
161 178 180 184 187 
145 146 170 181 183 
145 146 170 181 192 
145 170 181 183 192 
146 170 176 181 183 
83 84 161 165 166 
83 161 165 166 185 
82 83 161 166 190 
161 165 166 185 190 
82 83 84 165 166 
161 165 166 185 190 
166 169 175 185 190 
161 166 169 185 190 
162 166 169 185 190 
161 166 184 185 190 
161 166 184 185 190 
81 82 166 185 190 
143 167 173 174 188 
170 171 183 189 192 
161 184 185 187 188 
161 166 184 185 188 
162 174 184 185 188 
162 169 184 185 188 
162 169 184 185 188 
161 165 166 185 190 
162 169 175 185 190 
161 166 184 185 190 
81 169 175 185 190 
143 167 174 186 188 
162 167 174 186 188 
167 174 184 186 188 
167 174 184 186 188 
174 180 184 186 188 
174 180 184 186 188 
162 174 184 185 188 
162 169 184 185 190 
162 169 184 185 188 
162 174 184 185 188 
81 169 175 185 190 
162 167 173 174 188 
162 167 173 188 191 
162 167 173 174 188 
162 169 184 185 188 
162 169 175 185 191 
162 167 174 184 188 
162 174 184 185 188 
162 167 169 185 188 
162 167 173 188 191 
162 169 185 188 191 
162 168 169 191 192 
162 167 169 188 191 
162 168 169 191 192 
168 169 189 191 192 
162 167 173 191 192 
162 169 185 188 190 
162 168 169 188 191 
162 168 169 191 192 
162 168 169 191 192 
162 168 169 191 192 
168 169 175 189 191 
162 168 169 175 191 
162 170 173 191 192 
162 167 173 191 192 
162 168 189 191 192 
162 168 173 191 192 
168 179 189 191 192 
170 173 189 191 192 
168 170 189 191 192 
170 173 189 191 192 
170 183 189 191 192 
168 170 189 191 192 
168 170 189 191 192 
170 173 189 191 192 
168 170 189 191 192 
162 169 185 188 191 
162 169 185 188 191 
162 169 185 188 191 
80 168 169 175 191 
80 81 168 169 175 
162 168 169 175 191 
162 168 169 175 191 
162 167 173 191 192 
162 167 173 191 192 
170 173 189 191 192 
145 170 173 191 192 
167 170 173 191 192 
145 170 173 191 192 
145 146 170 173 192 
167 170 173 191 192 
147 148 172 181 224 
147 148 172 176 181 
168 171 179 189 192 
171 176 177 183 189 
81 168 169 175 190 
81 168 169 175 190 
10 11 193 194 218 
10 11 193 194 218 
10 11 193 194 218 
193 194 195 218 226 
193 194 195 218 226 
193 194 195 218 226 
194 195 218 226 228 
194 195 196 226 228 
194 195 196 226 228 
195 196 197 226 228 
195 196 197 228 234 
195 196 197 228 234 
196 197 198 228 234 
196 197 198 221 234 
196 197 198 221 234 
140 197 198 221 234 
139 140 197 198 221 
139 140 197 198 221 
139 140 197 198 221 
150 151 199 212 219 
150 151 199 200 219 
150 199 200 212 219 
32 199 200 201 219 
32 33 200 201 219 
32 33 200 201 219 
33 200 201 202 219 
33 200 201 202 219 
201 202 203 211 219 
201 202 203 211 219 
201 202 203 211 219 
202 203 204 211 223 
202 203 204 205 211 
1 203 204 205 211 
1 203 204 205 210 
32 33 200 201 219 
205 209 223 224 237 
201 202 211 212 219 
32 33 200 201 219 
150 199 200 212 219 
203 204 205 211 223 
202 203 211 212 219 
32 33 200 201 219 
200 201 202 211 219 
32 199 200 201 219 
1 2 36 204 210 
202 203 211 212 223 
32 33 200 201 219 
32 33 200 201 219 
1 203 204 205 210 
150 199 200 212 219 
150 151 199 212 219 
202 203 204 211 223 
202 203 211 212 223 
202 203 204 205 211 
139 140 197 198 221 
139 140 198 221 222 
206 213 234 236 240 
207 215 233 243 244 
208 218 226 236 247 
10 11 193 194 218 
147 209 216 224 237 
1 2 205 210 237 
201 202 203 211 219 
150 199 200 212 219 
1 2 44 204 210 
1 2 44 204 210 
1 2 204 205 210 
149 150 151 199 212 
203 204 205 210 211 
202 203 211 212 223 
202 203 211 212 219 
199 202 211 212 219 
149 150 211 212 223 
202 211 212 219 223 
150 199 211 212 219 
149 211 212 223 224 
202 203 211 212 223 
149 150 199 211 212 
203 211 212 223 224 
203 204 205 211 223 
139 140 197 198 221 
206 213 222 240 241 
214 227 229 230 244 
215 231 240 241 243 
147 209 216 220 239 
208 217 227 233 247 
9 10 11 193 218 
193 194 195 218 226 
10 193 194 218 226 
10 11 193 194 218 
193 194 208 218 226 
10 11 193 194 218 
148 172 209 223 224 
147 148 209 223 224 
2 3 210 232 237 
148 149 212 223 224 
150 199 200 212 219 
199 200 201 202 219 
33 200 201 202 219 
33 200 201 202 219 
200 201 202 211 219 
199 202 211 212 219 
1 2 203 204 210 
1 203 204 205 210 
1 2 3 63 210 
1 2 44 204 210 
2 204 205 210 237 
1 2 204 210 237 
2 204 205 210 237 
1 2 3 210 237 
1 203 204 205 210 
2 204 205 210 237 
149 150 151 199 212 
149 150 199 212 219 
202 203 211 212 223 
140 141 198 221 222 
139 140 198 221 222 
141 142 213 222 241 
195 196 226 228 236 
3 4 5 232 235 
145 146 216 220 245 
9 10 11 193 218 
9 10 11 52 193 
148 149 150 212 223 
149 150 211 212 223 
148 149 172 223 224 
147 181 209 216 224 
2 3 63 210 232 
150 199 211 212 219 
199 200 201 202 219 
199 200 201 202 219 
33 199 200 201 219 
201 202 211 212 219 
199 202 211 212 219 
2 205 210 232 237 
1 2 3 63 210 
140 198 221 222 234 
141 142 143 213 241 
140 141 213 221 222 
196 197 198 221 234 
196 197 198 221 234 
5 6 214 229 230 
4 5 6 230 235 
144 145 173 225 231 
145 220 225 231 245 
4 5 54 232 235 
3 4 54 232 235 
145 146 216 220 225 
194 195 218 226 228 
193 194 195 218 226 
9 10 208 218 247 
7 8 217 227 247 
8 9 217 227 247 
7 8 217 227 229 
148 149 150 160 212 
148 149 150 212 223 
148 211 212 223 224 
148 149 211 212 223 
148 211 212 223 224 
147 148 172 209 224 
147 148 172 209 224 
148 205 209 223 224 
148 149 172 223 224 
148 205 212 223 224 
148 149 212 223 224 
2 3 210 232 237 
2 3 210 232 237 
204 205 209 210 237 
142 143 215 240 241 
141 142 213 222 241 
196 197 221 228 234 
140 197 198 221 234 
194 195 196 226 228 
195 196 197 228 234 
195 196 197 226 228 
6 7 61 227 229 
5 6 60 229 230 
4 5 6 230 235 
4 5 6 230 235 
4 5 6 230 235 
144 145 173 225 231 
143 144 215 225 231 
144 145 220 225 231 
143 144 215 231 241 
3 4 5 232 235 
3 4 54 232 235 
3 4 54 232 235 
3 4 5 232 235 
145 146 147 181 216 
145 146 181 216 220 
145 146 147 181 216 
145 146 216 220 225 
145 146 147 216 220 
145 146 170 220 225 
193 194 195 218 226 
194 195 208 218 226 
194 195 208 218 226 
194 195 196 226 228 
195 208 218 226 228 
208 218 226 228 236 
9 208 217 218 247 
7 8 217 227 247 
7 8 217 227 247 
7 8 217 227 247 
8 217 227 233 247 
8 217 227 233 247 
214 217 227 229 233 
7 8 217 227 233 
207 214 227 233 244 
214 217 227 229 233 
7 214 217 227 229 
8 9 208 217 247 
7 8 9 217 247 
9 10 208 218 247 
9 10 218 226 247 
9 10 193 218 247 
9 10 193 218 247 
9 10 193 194 218 
147 148 172 209 224 
147 148 209 223 224 
148 172 212 223 224 
148 205 212 223 224 
148 149 212 223 224 
148 149 212 223 224 
2 3 63 210 232 
204 205 209 210 237 
203 204 205 210 237 
203 204 205 210 237 
139 140 198 221 222 
140 197 198 221 222 
140 198 221 222 234 
140 197 198 221 234 
140 197 198 221 234 
142 143 213 215 241 
141 142 143 213 241 
141 142 213 222 241 
141 142 186 213 241 
141 206 213 221 222 
141 142 186 213 222 
140 141 163 221 222 
140 141 163 221 222 
141 142 213 221 222 
195 196 197 228 234 
197 198 221 222 234 
197 198 221 222 234 
194 195 196 226 228 
195 196 226 228 236 
6 7 214 229 230 
6 7 214 227 229 
7 8 61 227 229 
5 6 214 229 230 
5 6 229 230 235 
214 229 230 238 244 
6 214 229 230 244 
6 61 214 229 230 
5 6 230 235 238 
143 144 215 225 231 
144 215 225 231 243 
144 215 225 231 243 
144 215 225 231 243 
144 215 225 231 243 
144 215 225 231 243 
144 220 225 231 243 
144 145 220 225 231 
145 146 220 225 231 
220 225 231 243 245 
142 143 144 215 241 
3 4 232 235 237 
3 4 5 232 235 
145 146 147 216 220 
146 147 209 216 220 
146 147 209 216 220 
145 146 216 220 245 
146 209 216 220 239 
194 195 218 226 228 
194 195 208 226 228 
195 208 226 228 236 
195 208 226 228 236 
8 9 10 218 247 
207 217 227 233 242 
214 217 227 233 242 
8 9 208 217 247 
9 10 208 218 247 
9 208 218 226 247 
194 208 218 226 247 
147 181 209 216 224 
148 205 209 223 224 
2 3 4 210 232 
205 209 223 224 237 
205 209 223 224 237 
205 209 210 232 237 
140 198 221 222 234 
140 141 198 221 222 
142 213 215 240 241 
142 143 213 215 241 
141 142 186 213 222 
140 141 213 221 222 
196 197 206 228 234 
196 197 228 234 236 
196 206 228 234 236 
196 206 228 234 236 
196 206 228 234 236 
196 197 221 228 234 
206 221 228 234 236 
195 196 226 228 236 
4 5 230 232 235 
4 5 232 235 238 
4 5 230 235 238 
143 144 215 225 231 
143 144 215 225 231 
144 145 220 225 231 
4 232 235 238 239 
4 232 235 238 239 
146 147 181 209 216 
146 147 181 209 216 
145 146 216 220 225 
145 146 220 225 231 
146 147 209 216 239 
146 147 209 216 239 
145 146 216 220 239 
146 216 220 239 245 
6 7 214 227 229 
7 214 217 227 229 
207 214 217 227 233 
9 208 218 226 247 
194 208 218 226 247 
208 218 226 236 247 
208 218 226 228 236 
208 218 226 228 236 
195 208 226 228 236 
208 217 226 228 236 
206 208 226 228 236 
206 208 226 228 236 
206 226 228 234 236 
206 208 226 228 236 
147 205 209 216 224 
147 209 216 224 237 
147 209 216 224 237 
147 205 209 224 237 
3 4 232 235 237 
2 3 210 232 237 
205 209 223 224 237 
205 209 223 224 237 
148 205 209 223 224 
148 205 209 223 224 
147 205 209 224 237 
205 209 216 224 237 
205 209 210 224 237 
205 209 210 216 237 
205 209 216 237 239 
205 209 210 232 237 
205 209 210 232 237 
2 205 210 232 237 
143 213 215 240 241 
141 142 213 240 241 
141 206 213 222 241 
206 226 228 234 236 
4 5 230 235 238 
230 235 238 239 245 
146 216 220 239 245 
146 216 220 239 245 
7 214 227 229 244 
207 214 229 230 244 
194 195 208 218 226 
147 205 209 223 224 
205 209 216 237 239 
216 232 235 237 239 
206 213 240 241 242 
142 213 215 240 241 
206 213 228 234 236 
230 235 238 239 245 
214 229 230 238 244 
216 220 238 239 245 
207 214 227 229 244 
207 214 227 233 244 
207 214 227 233 244 
207 214 227 233 242 
207 217 233 236 242 
147 209 216 237 239 
209 216 220 237 239 
205 210 232 237 239 
216 220 238 239 245 
143 215 231 240 241 
142 206 213 240 241 
206 213 236 240 242 
213 215 240 241 242 
206 213 240 241 242 
206 213 240 241 242 
206 213 236 240 242 
213 215 240 241 242 
207 215 240 241 242 
207 215 240 241 242 
142 213 215 240 241 
141 206 213 221 222 
206 213 222 236 240 
207 214 230 238 244 
5 230 235 238 245 
230 235 238 244 245 
230 235 238 244 245 
214 230 235 238 244 
207 233 240 242 244 
208 217 227 233 247 
205 210 232 237 239 
205 209 232 237 239 
209 216 232 237 239 
210 232 235 237 239 
209 216 220 237 239 
209 216 237 239 245 
216 232 237 238 239 
142 143 215 240 241 
207 213 215 240 242 
206 213 228 234 236 
206 213 236 240 242 
206 233 236 240 242 
206 208 228 236 242 
206 213 236 240 242 
206 208 233 236 242 
208 217 233 236 242 
208 217 226 233 236 
208 217 233 236 247 
208 217 233 236 242 
206 213 221 222 234 
206 213 221 222 234 
230 232 235 238 239 
207 214 229 230 244 
214 230 238 244 245 
214 229 230 238 244 
207 227 233 242 244 
207 233 242 243 244 
207 215 233 242 243 
207 215 233 240 242 
207 215 233 240 242 
207 217 233 240 242 
206 207 233 240 242 
206 207 233 240 242 
206 233 236 240 242 
206 233 236 240 242 
207 217 227 233 242 
214 217 227 233 242 
208 217 227 233 242 
205 209 216 237 239 
209 216 232 237 239 
209 216 220 239 245 
216 220 238 239 245 
232 235 237 238 239 
232 235 237 238 239 
232 235 237 238 239 
232 235 238 239 245 
207 215 233 240 242 
207 215 233 240 242 
208 217 218 226 247 
9 208 217 218 247 
8 208 217 227 247 
208 217 233 236 247 
213 215 240 241 242 
207 215 240 241 243 
143 215 231 241 243 
206 213 221 222 234 
206 213 221 222 234 
206 213 221 222 234 
206 213 221 222 234 
140 141 221 222 234 
140 198 221 222 234 
206 213 221 222 234 
197 198 221 222 234 
197 206 221 222 234 
207 215 240 241 243 
207 215 240 242 243 
207 215 231 241 243 
207 215 231 240 243 
207 215 240 243 244 
143 144 215 231 243 
144 207 215 231 243 
206 213 240 241 242 
206 213 236 240 242 
208 217 233 236 242 
205 209 216 237 239 
209 216 232 237 239 
216 220 238 239 245 
216 232 235 238 239 
216 235 238 239 245 
232 235 238 239 245 
9 208 217 218 247 
207 215 240 243 244 
144 215 231 241 243 
216 235 238 239 245 
207 215 225 231 243 
207 215 231 243 244 
207 215 231 243 244 
207 215 231 243 244 
207 215 231 243 244 
207 214 243 244 245 
207 214 227 243 244 
207 231 243 244 245 
207 214 243 244 245 
207 214 215 243 244 
207 214 233 243 244 
207 214 227 243 244 
203 204 205 211 223 
203 204 205 211 223 
205 211 212 223 224 
203 204 205 210 237 
205 211 212 223 224 
203 205 211 223 224 
203 205 223 224 237 
205 209 223 224 237 
148 205 209 223 224 
2 205 210 232 237 
3 205 210 232 237 
2 3 210 232 237 
148 149 150 212 223 
6 214 229 230 244 
7 214 227 229 230 
6 214 227 229 230 
220 225 231 243 245 
220 238 239 243 245 
216 220 238 239 245 
216 220 238 239 245 
216 220 225 239 245 
145 220 225 231 245 
235 238 239 244 245 
220 238 239 244 245 
220 238 243 244 245 
3 210 232 235 237 
2 3 210 232 237 
214 230 238 244 245 
142 143 215 231 241 
220 231 243 244 245 
220 238 243 244 245 
207 215 231 243 244 
207 238 243 244 245 
207 231 243 244 245 
207 214 243 244 245 
230 238 243 244 245 
230 235 238 244 245 
214 230 238 244 245 
220 238 239 244 245 
220 238 239 244 245 
220 225 231 243 245 
220 225 231 243 245 
216 220 238 239 245 
216 220 238 239 245 
1 2 36 44 204 
75 76 98 103 123 
75 76 98 103 164 
75 76 98 103 106 
26 27 28 121 125 
102 103 106 125 129 
151 152 153 154 157 
154 155 156 158 164 
75 76 155 164 177 
75 76 98 155 164 
154 155 156 158 159 
75 76 155 164 177 
32 33 200 201 219 
1 203 204 205 210 
1 204 205 210 237 
1 203 204 205 211 
1 2 203 204 210 
1 2 203 204 210 
1 2 36 204 210 
203 204 205 210 211 
203 205 211 223 224 
8 9 10 55 247 
13 14 15 41 51 
31 32 33 34 201 
15 16 38 41 51 
40 45 55 58 74 
18 19 37 38 53 
18 19 37 38 51 
19 20 21 53 115 
5 6 60 61 229 
43 50 62 63 65 
7 8 45 67 69 
42 47 49 59 64 
42 49 54 62 65 
60 61 68 69 72 
45 67 68 69 70 
3 4 42 48 54 
42 48 54 60 72 
45 67 68 69 74 
47 64 71 72 73 
89 90 91 111 115 
100 114 116 130 246 
19 20 105 113 115 
22 23 24 59 117 
83 100 122 130 246 
117 120 124 126 127 
100 114 122 130 246 
81 107 118 122 133 
149 150 151 157 160 
154 157 158 159 160 
149 150 160 199 212 
156 164 176 177 183 
149 150 151 157 160 
80 81 107 118 175 
141 163 180 186 222 
137 138 139 163 182 
137 138 139 163 182 
141 163 174 180 186 
144 145 220 225 231 
78 79 171 179 189 
77 78 123 171 177 
144 162 167 173 188 
161 165 166 178 187 
178 180 182 184 187 
161 178 184 185 187 
143 144 167 174 188 
170 171 183 189 192 
170 171 183 189 192 
170 181 183 189 192 
162 167 173 174 188 
162 167 174 185 188 
162 167 173 188 191 
162 167 173 188 191 
81 82 169 175 190 
6 7 61 229 230 
203 205 211 212 223 
10 11 193 194 218 
149 150 199 212 223 
196 197 198 221 234 
196 197 198 228 234 
5 6 230 235 238 
4 5 230 235 238 
206 228 234 236 242 
214 217 227 233 242 
208 217 233 236 242 
208 217 218 226 247 
8 9 208 217 247 
197 198 221 222 234 
207 215 231 243 244 
207 231 243 244 245 
10 11 12 13 52 
20 21 22 56 71 
37 38 41 51 58 
19 20 37 53 56 
3 43 54 63 65 
2 43 44 63 66 
3 42 54 63 65 
9 10 12 52 55 
42 49 54 62 65 
43 44 50 63 66 
6 60 61 67 68 
22 47 56 71 73 
17 18 90 91 111 
87 88 89 112 116 
82 83 84 100 122 
105 113 114 115 132 
100 116 122 130 246 
21 22 23 71 108 
114 130 131 132 246 
149 150 157 159 160 
149 150 151 157 160 
146 147 170 181 183 
135 136 161 165 178 
136 137 178 182 187 
146 170 181 183 192 
161 165 166 178 185 
162 169 175 185 190 
161 166 184 185 190 
161 166 184 185 190 
166 169 175 185 190 
162 168 173 191 192 
162 167 173 191 192 
1 2 203 204 210 
1 2 44 204 210 
8 208 217 227 247 
148 211 212 223 224 
7 8 217 227 229 
8 9 208 217 247 
8 9 208 217 247 
142 213 222 240 241 
214 238 243 244 245 
142 143 144 215 241 
142 143 215 240 241 
214 227 229 233 244 
196 226 228 234 236 
206 213 222 240 241 
206 208 233 236 242 
143 144 215 231 241 
143 144 215 231 243 
143 162 167 174 188 
