2 36 44 204 210 
1 3 44 63 210 
2 4 54 63 232 
3 5 54 232 235 
4 6 48 230 235 
5 60 61 229 230 
6 8 61 227 229 
7 9 217 227 247 
8 10 55 218 247 
9 11 52 193 218 
10 12 13 52 193 
10 11 13 14 52 
12 14 40 41 52 
13 15 40 41 51 
14 16 38 41 51 
15 17 18 38 51 
16 18 38 91 111 
17 19 38 111 115 
18 20 38 53 115 
19 21 53 56 105 
20 22 56 71 108 
21 23 47 71 108 
22 24 47 59 117 
23 25 59 117 124 
24 26 62 121 124 
25 27 50 62 121 
26 28 50 57 125 
27 39 57 104 125 
30 39 92 99 104 
29 31 35 39 46 
30 32 33 34 35 
31 33 34 200 201 
32 34 200 201 219 
30 31 32 33 35 
30 31 34 36 46 
1 35 44 46 66 
38 51 53 58 74 
16 17 18 37 51 
29 30 46 57 104 
13 41 55 58 74 
14 15 40 51 58 
49 54 62 64 65 
50 62 63 65 66 
1 2 36 43 66 
8 40 55 67 69 
36 39 44 57 66 
23 59 64 71 73 
5 54 60 64 72 
24 25 42 59 62 
26 27 43 57 62 
15 16 37 38 41 
10 11 12 13 55 
19 20 37 56 74 
3 4 42 48 63 
9 10 40 45 52 
20 21 53 70 71 
27 28 46 50 66 
37 40 41 51 74 
23 24 47 49 64 
5 6 48 61 72 
6 7 60 67 229 
25 26 49 50 65 
2 3 43 54 65 
42 47 59 72 73 
42 43 54 62 63 
43 44 46 50 57 
7 45 61 68 69 
67 69 70 72 73 
45 67 68 70 74 
56 68 69 73 74 
21 22 47 56 73 
48 60 64 68 73 
47 64 70 71 72 
37 53 58 69 70 
76 98 103 155 164 
75 77 103 123 164 
76 78 123 164 177 
77 79 109 171 179 
78 80 109 119 179 
79 81 107 119 175 
80 82 118 175 190 
81 83 122 166 190 
82 84 122 166 190 
83 85 100 122 165 
84 86 100 134 165 
85 87 88 100 116 
86 88 100 112 116 
86 87 89 112 116 
87 88 90 112 113 
17 89 91 111 113 
17 18 90 111 115 
29 93 97 99 104 
92 94 95 96 97 
92 93 95 96 152 
93 94 96 152 153 
92 93 94 95 97 
92 93 96 98 99 
75 97 99 103 106 
92 97 98 104 106 
84 86 87 116 246 
107 108 120 126 133 
110 121 123 128 129 
76 98 102 106 129 
28 29 92 99 106 
20 113 114 115 132 
98 99 104 125 129 
80 101 118 119 133 
21 22 101 126 132 
78 79 120 127 128 
25 121 124 127 128 
18 90 91 113 115 
88 89 113 114 116 
89 111 112 114 115 
105 112 113 130 246 
18 19 105 111 113 
87 88 100 112 246 
23 24 124 126 127 
81 82 107 122 133 
79 80 107 109 120 
101 109 119 126 127 
25 26 27 102 110 
82 83 84 118 130 
76 77 102 103 128 
24 25 110 117 127 
27 28 104 106 129 
101 108 117 120 127 
109 110 120 124 128 
102 109 110 123 127 
102 103 106 123 125 
114 122 131 133 246 
101 114 130 132 133 
105 108 114 130 131 
101 107 118 130 131 
84 85 86 135 165 
134 136 137 165 178 
135 137 178 182 187 
136 138 178 182 187 
137 139 140 163 182 
138 140 163 182 198 
139 163 198 221 222 
142 180 186 213 222 
141 143 186 213 241 
142 144 167 215 241 
143 167 173 225 231 
146 170 173 220 225 
145 147 170 181 220 
146 181 209 216 224 
149 159 172 223 224 
148 150 157 160 212 
149 151 157 199 212 
150 152 157 160 199 
94 95 151 153 157 
94 95 152 154 157 
153 155 157 158 160 
75 154 156 158 164 
158 159 164 172 176 
150 151 154 158 160 
154 155 156 159 160 
148 156 158 160 172 
148 149 157 158 159 
165 166 178 184 185 
167 169 185 188 191 
138 139 140 180 182 
75 76 155 156 177 
84 134 135 161 166 
82 83 161 185 190 
143 162 173 174 188 
169 175 189 191 192 
162 168 175 190 191 
145 146 173 181 192 
78 177 179 183 189 
148 156 159 160 176 
144 167 170 191 225 
142 167 184 186 188 
80 81 168 169 190 
156 164 172 177 183 
76 77 164 171 176 
136 137 161 182 187 
78 79 80 171 189 
141 163 182 186 187 
146 147 170 176 183 
137 138 163 180 187 
171 176 177 181 189 
161 174 185 187 188 
161 166 169 184 190 
141 142 163 174 180 
137 178 180 182 184 
162 167 173 174 184 
168 171 179 183 192 
81 82 166 175 185 
162 168 169 173 192 
168 170 173 189 191 
10 11 12 194 218 
10 193 195 218 226 
194 196 218 226 228 
195 197 226 228 234 
196 198 221 228 234 
139 140 197 221 234 
150 151 200 212 219 
32 33 199 201 219 
32 33 200 202 219 
201 203 211 212 219 
202 204 205 211 223 
1 2 203 205 210 
209 210 223 224 237 
213 234 236 240 242 
215 233 242 243 244 
217 218 226 236 247 
147 205 216 224 237 
1 2 205 232 237 
202 203 212 219 223 
149 150 211 219 223 
142 206 222 240 241 
207 227 229 230 244 
143 231 240 241 243 
146 147 209 220 239 
8 208 227 233 247 
10 193 194 208 226 
199 200 201 202 211 
145 146 216 225 245 
140 197 198 222 234 
140 141 206 213 221 
148 205 211 212 224 
147 148 205 209 223 
144 145 173 220 231 
194 195 208 218 228 
7 214 217 229 233 
195 196 226 234 236 
6 7 214 227 230 
5 6 214 229 235 
143 144 215 225 243 
3 4 235 237 239 
207 214 217 227 242 
196 197 206 221 228 
4 5 230 232 238 
206 208 226 228 242 
205 209 210 232 239 
230 235 239 244 245 
216 220 232 238 245 
206 213 215 241 242 
142 143 213 215 240 
206 207 233 236 240 
207 215 231 244 245 
207 214 230 243 245 
216 220 238 239 244 
100 112 114 116 130 
8 9 208 217 218 
