0
3
5
8
10
13
16
18
20
22
27
30
33
36
39
42
45
48
51
52
54
56
58
60
61
64
68
70
73
76
78
80
84
87
90
93
97
98
101
106
114
130
131
132
135
140
155
156
157
158
182
236
256
275
286
295
305
312
314
322
326
331
342
361
392
399
411
417
422
474
502
537
549
556
594
596
597
600
602
604
605
608
611
612
615
621
624
627
630
633
636
640
642
644
647
650
653
656
661
663
689
690
691
693
694
709
730
731
732
733
741
755
757
772
789
826
841
882
893
901
909
913
961
983
992
1008
1016
1030
1075
1097
1134
1149
1167
1174
1177
1180
1183
1186
1189
1192
1194
1196
1199
1201
1203
1206
1208
1211
1213
1214
1217
1220
1223
1226
1229
1232
1233
1257
1261
1274
1277
1278
1279
1293
1312
1314
1315
1316
1317
1318
1319
1338
1354
1355
1357
1371
1375
1434
1450
1467
1473
1524
1543
1579
1591
1598
1609
1622
1623
1660
1693
1714
1740
1743
1746
1749
1752
1755
1759
1762
1764
1767
1770
1772
1774
1795
1796
1797
1799
1800
1808
1811
1820
1821
1822
1823
1824
1829
1836
1859
1875
1877
1895
1900
1921
1937
1949
1985
1986
1989
1998
2006
2018
2041
2045
2070
2089
2097
2120
2124
2148
2172
2229
2233
2260
2322
2367
