13
14
15
16
17
18
19
20
21
22
23
24
25
26
27
28
29
30
31
32
33
34
35
36
37
38
39
40
41
42
43
44
45
46
47
48
49
50
51
52
53
54
55
56
57
58
97
98
99
100
101
105
106
107
109
110
113
115
116
117
119
120
121
122
125
126
128
129
130
134
135
136
137
138
139
142
150
151
152
153
155
156
162
163
164
165
166
167
168
169
174
175
176
177
178
179
180
181
182
183
184
185
186
191
192
193
194
195
196
197
210
211
212
213
214
215
216
217
218
219
220
221
222
236
237
238
239
240
241
242
243
244
245
254
255
256
257
258
259
260
261
265
266
267
268
269
286
287
288
289
290
291
292
293
294
295
296
297
298
299
300
301
310
311
312
313
314
319
322
323
324
325
326
327
346
347
348
349
350
351
352
353
354
355
357
358
359
364
366
367
368
402
404
405
406
407
408
409
411
412
413
414
415
416
417
418
419
420
421
422
423
424
425
426
427
428
429
430
431
432
433
457
458
459
460
461
462
463
464
465
466
467
468
473
474
475
476
487
488
489
490
491
501
503
504
505
506
507
508
509
510
511
512
513
514
515
516
517
518
519
520
521
522
523
524
525
526
527
528
529
530
534
535
536
537
538
540
545
546
547
548
549
550
551
552
553
554
555
556
557
558
559
560
561
562
563
565
566
567
570
571
572
573
574
575
576
577
578
579
580
581
582
594
605
606
607
608
609
610
611
612
613
614
615
616
617
618
619
620
621
622
623
624
625
626
627
628
629
630
631
632
633
634
635
636
637
638
660
664
665
670
671
677
678
679
680
681
682
683
684
685
686
687
688
689
690
693
695
696
697
698
714
715
716
717
718
719
720
721
722
723
724
725
726
727
728
730
731
732
736
740
741
742
743
752
753
754
755
756
757
758
759
760
761
762
763
764
765
766
767
768
769
770
771
772
773
774
775
776
777
778
779
780
781
782
783
784
785
786
787
788
789
790
791
792
793
794
795
796
797
799
812
816
817
818
819
821
822
823
824
825
826
827
828
829
830
831
832
833
834
835
836
837
838
839
840
841
843
857
866
867
868
869
870
871
874
876
877
878
880
881
882
883
884
885
886
888
889
890
912
913
914
915
916
917
918
919
920
921
922
923
924
925
927
928
929
930
931
932
933
934
935
936
937
938
939
940
941
948
966
967
968
969
970
971
974
975
1002
1003
1004
1005
1006
1007
1008
1018
1019
1020
1021
1022
1023
1046
1047
1048
1049
1050
1051
1052
1053
1054
1055
1056
1057
1080
1081
1082
1098
1099
1101
1102
1103
1104
1105
1106
1107
1110
1111
1113
1114
1115
1116
1117
1118
1119
1120
1121
1123
1124
1125
1126
1127
1129
1132
1133
1134
1135
1136
1137
1138
1139
1140
1141
1142
1143
1144
1145
1146
1147
1148
1149
1150
1151
1152
1153
1154
1155
1156
1157
1158
1159
1160
1161
1162
1163
1164
1165
1166
1167
1168
1169
1170
1171
1172
1173
1174
1175
1176
1177
1178
1179
1180
1181
1182
1183
1184
1185
1186
1187
1188
1189
1190
1191
1192
1193
1194
1195
1196
1197
1198
1199
1200
1201
1202
1203
1276
1277
1278
1279
1280
1281
1282
1283
1312
1313
1314
1315
1316
1317
1318
1321
1322
1344
1345
1346
1347
1348
1349
1350
1351
1352
1353
1354
1355
1356
1358
1359
1360
1361
1362
1363
1364
1365
1383
1384
1385
1386
1387
1388
1389
1390
1391
1392
1393
1400
1401
1402
1403
1404
1405
1406
1407
1408
1409
1410
1411
1427
1428
1429
1430
1431
1432
1433
1434
1435
1436
1437
1438
1440
1444
1446
1447
1461
1462
1463
1464
1465
1466
1467
1468
1469
1470
1486
1487
1488
1489
1490
1491
1492
1493
1494
1495
1496
1497
1498
1499
1500
1501
1502
1503
1505
1506
1507
1508
1509
1516
1517
1518
1522
1523
1524
1525
1526
1527
1528
1529
1530
1531
1532
1533
1534
1535
1536
1537
1538
1539
1540
1541
1545
1546
1547
1548
1549
1550
1551
1552
1553
1559
1571
1572
1573
1574
1575
1576
1577
1578
1579
1580
1581
1582
1583
1584
1585
1586
1587
1588
1589
1590
1591
1592
1593
1594
1595
1596
1599
1600
1601
1602
1603
1604
1605
1606
1607
1608
1609
1610
1611
1612
1613
1616
1617
1618
1619
1620
1621
1622
1623
1638
1639
1640
1641
1642
1643
1644
1645
1650
1651
1652
1653
1654
1655
1656
1657
1658
1659
1660
1661
1662
1664
1665
1666
1667
1668
1669
1670
1671
1672
1673
1674
1675
1676
1677
1678
1679
1680
1681
1682
1683
1684
1685
1686
1687
1688
1689
1690
1691
1692
1693
1694
1695
1696
1698
1699
1700
1701
1702
1703
1704
1705
1706
1707
1709
1719
1720
1721
1722
1723
1724
1725
1726
1727
1733
1738
1739
1740
1741
1742
1743
1744
1745
1746
1747
1748
1749
1750
1751
1752
1753
1754
1755
1756
1757
1758
1794
1795
1796
1797
1798
1799
1820
1821
1822
1823
1825
1826
1827
1828
1829
1830
1831
1855
1856
1857
1858
1861
1862
1876
1877
1878
1879
1880
1881
1883
1888
1889
1890
1891
1892
1893
1908
1909
1910
1911
1912
1913
1914
1915
1916
1920
1921
1922
1923
1934
1935
1936
1937
1938
1939
1940
1941
1942
1943
1944
1945
1946
1947
1948
1949
1950
1951
1952
1953
1954
1955
1956
1957
1968
1969
1970
1971
1972
1973
1974
1975
1976
1977
1978
1979
1980
1981
1982
1983
1984
1985
1986
1987
1988
1989
1990
1992
1993
1994
1996
1997
1998
1999
2000
2001
2002
2005
2006
2014
2015
2016
2017
2018
2019
2020
2021
2022
2023
2024
2031
2032
2033
2034
2035
2036
2037
2038
2039
2040
2041
2042
2043
2044
2048
2049
2050
2061
2062
2063
2064
2065
2066
2067
2068
2069
2070
2071
2072
2073
2074
2093
2094
2095
2096
2101
2102
2103
2107
2108
2109
2111
2113
2114
2115
2116
2117
2122
2123
2124
2125
2126
2127
2128
2129
2130
2131
2132
2133
2134
2135
2140
2141
2149
2150
2151
2152
2153
2154
2155
2156
2157
2158
2159
2160
2161
2162
2164
2166
2167
2168
2169
2170
2171
2172
2173
2174
2175
2176
2177
2178
2179
2188
2189
2190
2191
2192
2193
2194
2195
2196
2197
2198
2199
2200
2201
2202
2203
2204
2205
2206
2207
2208
2209
2210
2211
2212
2213
2214
2215
2222
2223
2224
2226
2227
2228
2229
2230
2231
2232
2233
2234
2235
2236
2237
2251
2252
2253
2265
2266
2267
2269
2270
2271
2272
2275
2303
2304
2306
2307
2308
2309
2310
2311
2313
2316
2317
2320
2321
2322
2323
2324
2326
2328
2329
2335
2336
2337
2338
2339
2343
2344
2345
2346
2347
2351
2352
2353
2354
2355
2356
2358
2360
2361
2364
2365
2366
2367
2368
2369
2370
2371
2372
2373
2374
2375
2379
2382
2383
2384
2385
2386
2387
2388
2389
2390
2394
2395
2397
2398
2399
2400
2401
2402
2403
2406
2408
2409
2410
2411
2412
2413
2414
2415
2416
2417
2418
2419
2420
2421
