226
245
121
13
14
161
228
19
16
228
18
209
230
32
39
70
64
345
350
367
353
361
344
356
32
364
690
358
681
180
738
430
739
546
709
478
779
790
595
783
580
776
722
544
796
609
796
674
598
814
727
527
722
821
732
826
436
826
631
448
611
506
687
699
558
601
666
748
331
266
338
792
91
340
267
787
501
484
635
744
310
599
325
94
313
242
133
777
325
267
484
158
140
242
139
775
121
237
523
680
262
136
174
151
250
92
225
325
242
149
732
132
254
153
180
123
253
210
165
158
217
263
168
661
158
176
661
218
697
115
235
182
267
219
814
177
212
281
299
264
201
685
276
216
234
224
220
172
208
295
248
256
193
239
240
241
250
222
298
249
328
185
215
263
308
261
257
310
284
269
272
286
280
305
288
297
320
332
335
331
311
303
322
313
323
314
318
324
337
336
340
412
157
179
233
368
402
378
430
397
392
377
393
834
395
402
369
400
554
690
386
390
385
388
412
1092
886
836
870
1075
869
891
429
690
1401
854
1401
442
1255
1301
1242
1367
1458
1254
1009
1488
1020
1376
1392
1425
1316
1026
1477
1366
1136
1188
1212
1487
1419
1153
1113
1432
1171
1120
1125
1253
1493
1219
1227
1481
1278
1264
1497
1443
1187
1286
1228
1236
1314
1508
1447
1259
1356
1515
1435
1420
1309
1310
1055
1528
1455
2310
1469
1472
1140
1180
1208
1252
1391
1303
1381
1074
421
1088
758
1359
1088
726
566
1239
480
1246
799
657
651
799
484
768
516
702
426
1019
681
755
1470
1174
680
574
450
738
579
505
1194
619
506
708
1424
454
729
1463
744
532
775
757
600
626
670
547
595
684
445
518
646
615
765
587
759
1200
660
777
584
649
541
534
1355
777
605
728
671
695
676
590
800
1407
2307
624
732
628
611
659
482
796
763
510
799
1332
731
824
1482
772
1058
693
808
734
718
503
1285
735
556
698
780
644
627
703
1117
565
1350
1099
717
806
741
761
575
724
811
548
1499
614
576
635
1411
639
756
803
675
788
609
661
1501
1275
814
1521
691
813
667
645
1505
802
715
658
1405
798
663
786
1293
682
750
1225
818
1190
1509
817
1339
827
1527
1429
822
1223
679
898
2097
939
2381
935
937
941
976
944
956
992
953
974
957
1269
986
1006
1032
960
1093
972
1452
960
1348
839
1452
981
874
878
1456
875
2612
1297
881
2702
897
1461
980
2097
858
863
873
893
954
887
946
932
888
967
1109
2700
1671
1583
1581
1576
2024
2178
1587
1612
1787
1617
1837
1639
2120
1646
1774
1648
1657
1671
2699
2718
1665
1672
1644
2724
1573
1708
1941
1571
1182
927
1627
997
1685
1685
1017
1837
969
1871
1004
1116
1621
1623
1241
1953
1568
1600
1064
1666
987
1438
1592
1100
1094
1684
1867
996
1002
1618
1410
1449
1438
1630
1676
984
1588
1595
1007
1633
2474
2047
2555
2072
2565
2412
2416
2571
2434
1966
2594
1842
2636
2008
2030
2577
1885
2009
1971
2297
2607
1852
2472
1902
2645
2578
2212
2672
2708
2502
1997
2272
2286
2205
2210
2516
2242
1938
1912
2348
2696
1962
2482
2516
2066
2341
2708
1936
1817
2136
2014
2248
2489
2105
2303
1841
1869
2353
2274
2045
2101
2614
2284
2634
2610
2522
1934
2189
2515
2192
1923
2242
2202
2624
1983
2235
2240
1888
2323
2625
1931
1940
2157
2427
1944
2191
2724
1935
2085
2405
2114
2069
2010
2227
2356
2018
1986
2388
2050
2073
2382
2406
2100
2083
2366
2455
2261
2376
2127
2182
2244
2485
2521
2466
1381
1540
2617
1403
1189
1106
2653
2457
1231
1331
1484
1536
2137
1390
2349
1085
1104
2283
1218
2472
1245
1080
1168
1267
1324
1540
1385
1839
1223
2106
1023
2454
1177
1041
1074
1921
1066
1386
1162
1114
1121
1088
1328
1893
1163
1180
1164
1488
1337
1247
1239
1248
1096
1135
1249
1262
1172
1286
2612
1422
1157
1489
1300
1283
1255
2634
1302
1195
1171
1175
1174
1240
1458
2109
1881
1302
1222
1201
1447
1335
1289
1291
1477
1214
2645
1343
1270
1344
2150
1312
1837
1437
1997
1989
1846
2025
1372
1412
1299
1371
1397
1468
1454
1388
1322
1394
1479
1855
2301
1444
1345
1460
1476
1448
1392
1392
2120
1320
1505
1205
2108
1462
2388
2107
1443
1495
1224
1418
1271
2041
1432
2260
1432
1423
1464
2164
1446
1329
1434
1318
2256
2142
1480
1369
2069
1485
2231
2252
2156
1512
2182
1531
2244
1535
1525
2267
2330
1530
1533
2394
2416
1821
2654
1144
1077
1893
2180
1139
2721
1302
1680
2837
1608
2730
1704
2833
2467
1741
1726
1771
2776
2826
1698
1756
2857
1731
1733
1868
1766
1730
2697
1754
2139
1779
1793
1820
1788
1712
1707
1625
1706
1661
2459
2741
1710
1765
2131
2027
2757
1761
1920
2661
2166
1609
1780
1801
1636
1853
1681
1802
2165
1919
2663
1799
1638
1647
1878
2788
1599
1787
1669
1794
1758
1941
1673
2725
2029
1680
1659
1763
1685
1758
2830
3646
3896
2765
2901
2781
3639
2764
3095
2752
2761
2815
2935
3884
2854
2876
3303
3507
2796
2856
4598
3304
2889
2915
2801
3116
3083
2925
2805
2829
3653
3879
2811
2758
3134
3171
2817
2823
2839
2773
2748
2144
3486
1709
1705
2778
2747
2864
2184
2790
2147
1783
2768
2471
3329
2702
1768
2479
3251
1722
1945
3869
1767
2936
2818
2893
3532
3513
2737
2812
1763
2891
1763
2265
3552
1791
2266
2775
1797
2982
3768
2975
3011
3693
2979
3802
3360
3003
3022
3385
3022
3036
2997
2967
3392
2987
3597
3317
3055
3047
3034
2957
3007
3084
2985
3029
4571
3709
3072
3660
3159
3115
3062
3212
3068
2996
3016
3038
3018
3078
3273
3048
3100
3129
3071
3016
3059
3303
3218
3064
3765
3177
3198
3318
3094
3620
3122
3057
3717
3061
3040
3223
3245
3193
3127
3077
3052
3721
3268
3234
3763
3135
3425
3143
3727
3090
3118
3207
3739
3070
3267
3225
3249
3651
3469
3126
3147
3105
3368
3412
3760
3704
3357
3767
3280
3119
3312
3413
3535
3215
3131
3773
3396
3339
3564
3736
3344
3432
3743
3355
3517
3229
3388
3349
3779
3210
3225
3784
3418
3528
3712
3274
3745
3176
3293
3187
3298
3471
3326
3283
3291
3408
3484
3236
3503
3496
3589
3484
3757
3519
3764
3514
3307
3265
3693
3419
3502
3536
3341
3439
3551
3585
3562
3630
3576
3539
3581
3632
3611
3586
3365
3592
3597
3376
3668
3632
3583
3448
3608
3464
3613
3594
3625
3508
3542
3713
3537
3560
3659
3654
3573
3774
3681
3579
3588
3599
3751
3605
3778
3610
3634
3781
3762
3789
2612
2616
1866
2294
1888
1932
1834
2415
1922
2478
1901
1876
1857
1862
3019
2007
2448
1917
1867
3012
2212
2520
1965
2515
1980
2691
1900
3171
1892
1929
2298
2131
1999
2042
2406
3621
3240
2535
2047
3072
2710
2139
2072
2212
2992
2070
1949
3032
1997
2125
2200
1946
2130
2406
2030
2125
1955
2141
3503
3193
2053
3739
2036
2313
2118
2288
2151
2164
2075
1995
2459
2207
2188
2081
2262
2159
2716
2039
2219
2094
4676
3319
2720
3217
2410
2216
2275
2256
2255
2293
2061
3584
2305
3238
3165
3068
2246
2396
2209
2220
2316
2123
2226
2483
2351
3801
2162
2268
2289
2541
2277
2334
2206
2328
3289
2051
3663
2228
2145
2211
2291
2388
2280
2514
2437
2343
2426
3521
2539
3049
2326
2618
2384
2469
2313
2296
2302
2372
2320
2292
2135
3170
2422
3178
2383
3675
2502
2364
2462
2498
2632
3374
2379
2544
2481
2355
2558
2387
2584
2194
2650
2484
2669
2391
2424
2586
2674
2470
2689
2488
2403
2512
2641
2478
2658
2344
2620
2468
2519
2679
2570
2627
2499
2404
2524
2462
2616
2683
3524
2532
2703
2510
2563
3389
2429
2705
2496
3682
2408
2579
3722
2593
2580
2579
2613
2577
2476
2560
2553
2585
3618
3550
2587
2494
3569
2682
2521
2599
2696
2573
2622
2676
2671
2578
2657
2645
2604
2590
2543
3633
3713
2640
2589
3640
3627
2663
2643
2708
2662
2600
2651
2648
2664
2656
2668
3766
2701
2707
2709
3769
2714
2716
2961
3008
2811
1924
1959
2060
2133
2132
3252
2148
2173
3364
3585
3537
2473
2459
2521
2702
2713
3800
3807
2864
3872
4544
2853
3982
3873
4167
2877
3966
3863
2929
2870
3870
3532
3917
3951
3822
4407
2880
2872
3325
2895
2908
2904
3959
2946
3429
2923
3843
2911
2945
2946
2915
3973
2932
2930
2943
2944
3911
2830
4068
3486
2843
2900
3487
3988
3703
2783
4149
3857
3711
3106
3082
2880
3390
2896
3881
2804
2816
2873
2887
3093
3836
3879
3817
3927
4808
3900
4017
3900
4023
4564
3933
3920
3837
4152
4547
3866
3888
3849
3935
3975
4201
4104
3854
3886
4726
3841
3951
4290
4132
4702
4671
3972
3880
3809
3845
3963
3821
4728
3869
4497
4153
3983
3992
4083
4126
4059
3952
3944
4383
2851
3882
2940
4063
3995
4074
3089
2880
2913
3848
4002
4671
2898
3800
3901
2917
3800
3883
2909
2922
3882
3840
3905
4520
4716
4706
4126
4146
4185
4709
4265
4162
4513
4709
4171
4118
4258
4148
4267
4540
4196
4442
4551
4205
4276
4640
4438
4239
4067
4045
4268
4218
4260
4488
4294
4221
4528
4296
4282
4585
4176
4297
4109
4315
4351
4296
4243
4273
4121
4129
4143
4412
4168
4339
4371
4179
4416
4306
4485
4150
4373
4225
4695
4165
4304
4238
4447
4421
4317
4174
4039
4190
4244
4454
4183
4347
4585
4071
4399
4395
4494
4428
4208
4430
4360
4257
4538
4263
4551
4404
4452
4288
4523
4246
4250
4515
5213
4229
4232
4326
4653
4284
4382
4392
4531
4570
4247
4381
4311
4326
4323
4355
4402
4334
4577
4584
4342
4406
4505
4424
4328
4509
4610
4611
4525
4565
4606
4301
4078
4557
4515
4384
4579
4095
4435
4568
4116
4413
4269
5149
4603
4592
4382
4309
4419
4300
4445
4346
4638
4568
4587
4638
4124
4281
4401
4635
4655
4666
4335
4470
4345
4673
4385
4385
4463
4677
4425
4467
4444
4524
4504
4480
4683
4112
4127
4599
5195
4465
4482
4691
4553
4469
4142
4160
4495
4489
4580
4615
4507
4157
4703
4704
4517
4621
4633
4533
4184
4223
4588
4628
4625
4645
4061
4660
4070
4597
4487
4680
4692
4694
4080
4092
2977
3709
3688
3002
3072
3028
3081
3687
4130
4235
3650
3180
3492
3499
3318
4241
3150
4294
4349
3283
3195
3141
3111
3161
3328
3268
3075
3334
4086
4215
3234
4363
3144
3198
4439
4213
3067
3237
4448
3525
3537
3149
3763
3275
4529
3207
4106
3297
3188
3570
3347
4203
3422
3267
4597
3443
3128
3663
3797
3994
4618
3255
3665
3652
4634
3353
3258
3191
4757
3406
3407
3450
3478
3459
3474
4117
3270
3459
3701
3222
3256
3506
4653
3173
3205
3281
3253
3585
3233
3284
3534
3520
3302
3340
3445
3503
3591
3332
3567
3495
3366
3545
3323
3414
3436
3483
3612
3285
3556
3582
3427
3512
4511
3342
3626
3590
3547
3707
3461
3558
3321
3670
4575
3604
3400
3371
3649
4642
3578
3680
3691
3636
3602
4649
3758
3619
3682
3453
4603
3651
3616
3646
3645
3763
3399
3553
3728
3771
3673
3684
3473
3683
3643
4381
3713
3702
4051
3441
3730
3467
3711
3751
3685
3671
4166
3485
3714
4075
3688
3721
3718
3700
3751
3734
3759
3743
3619
3717
3681
4170
3789
3753
3688
3727
4684
3739
4227
4688
4658
3793
3750
3797
4675
4685
3787
3794
3799
3861
3883
3053
3109
3138
3168
3402
4530
3316
3791
3952
3411
3415
3530
3555
4670
4066
4049
4716
5023
5535
4093
4122
3989
3942
4010
4567
3999
4797
4180
4825
3952
3970
4891
3968
3970
5366
4928
4761
3969
4770
5035
4956
4773
3997
4003
4936
4759
4879
4019
4781
4016
4891
4011
4369
4011
4022
4010
3993
3967
4558
3893
3968
4593
4521
5484
4137
4714
4713
4744
4799
4488
4714
4059
4454
4140
4373
3883
4203
4097
4103
3899
3904
4870
5103
4735
6404
4810
5085
4729
6583
4803
4802
4776
4794
4742
5124
4741
5373
4908
4756
4743
4998
4867
4855
5498
4747
5028
4768
5766
5645
4748
5143
5769
4769
5508
5009
5154
4856
4778
5956
5484
5152
4785
5266
4887
4723
4947
4809
4899
5252
4917
6438
4734
5395
4789
4911
4807
5633
4733
5431
4737
4854
4935
4792
5536
5522
4869
4806
4745
4865
4013
5092
4791
5526
4394
5599
3970
3938
5637
4714
4851
4917
5009
4273
4930
5503
5467
4943
4960
4938
5561
5135
4955
5392
4952
5302
4941
5033
5034
4977
4969
5393
5513
6207
5095
4957
4965
4953
4996
4990
4975
5043
5082
4959
5078
5107
4988
5303
5309
4984
5052
5016
5337
5354
5004
5076
5013
5067
5144
5048
5486
5099
5090
4995
5116
5081
5396
5127
5524
4991
5184
5038
5027
5157
5165
5056
4995
5114
5151
5060
5018
5132
5074
5185
5025
5194
5391
5181
5198
5443
5049
5080
5075
5245
5088
5235
5105
5119
5208
5126
5421
5064
5251
5210
5242
5133
5263
5214
5102
5190
5271
5290
5097
5147
5287
5299
5149
5204
5299
5312
5112
5344
5237
5300
5212
5319
5471
5308
5200
5363
5128
5494
5349
5318
5261
5110
5353
5302
5368
5156
5358
5322
5382
5543
5232
5365
5240
5402
5244
5332
5141
5517
5297
5339
5207
5547
5375
5395
5528
5164
5430
5403
5437
5487
5537
5161
5445
5534
5423
5324
5182
5462
5176
5434
5207
5449
5540
5463
5480
5474
5456
5486
5206
5390
5225
5189
5398
5551
5594
5491
5411
5553
5249
5510
5217
5268
5266
5482
5515
5228
5555
5542
5489
5557
5279
5544
5361
5559
5506
5239
5561
5340
5511
5519
5387
5264
5389
5281
5417
5293
5315
5453
5320
5458
5413
5492
5513
5351
5360
5394
5401
5495
5429
5504
4186
5480
4248
4653
5061
4037
4249
4234
5067
4049
4625
4164
4195
4391
4479
4609
4101
4541
4228
4191
4115
4329
4202
5012
5070
4601
4252
4411
5269
4313
4387
5122
4321
4364
4106
4433
4327
4537
4632
5311
4620
4473
4640
4623
4412
5169
5451
5403
4566
4587
4396
5174
4609
4563
5195
4636
4617
4357
4456
4656
4576
4367
4600
4609
4462
4417
5457
4668
4471
5468
4651
4500
4499
4662
5256
4557
4579
5407
4591
4630
5323
4646
5379
4665
5477
4696
4710
4712
4939
4094
4979
4771
4133
4203
4990
4279
5056
4820
5226
4502
4543
6414
5383
4634
5459
4604
4904
4740
5682
5053
4821
4844
5071
6427
6553
5643
4857
5629
5692
5651
5592
4833
5632
4912
5658
5933
5756
5044
4837
6371
5668
5422
4901
4861
4905
5549
6578
6543
5638
4902
4903
4915
4815
4967
5613
4840
4860
4845
5431
5734
4956
5548
5606
6054
5583
6165
5722
5567
5635
5576
6558
6420
5610
5571
5599
6429
5971
5955
6092
5607
5618
6900
6580
6141
5917
5766
5906
6101
5888
5715
5694
5670
5654
6513
6218
6220
5602
6281
5675
5680
5687
5714
5725
5934
5684
5686
5779
5877
5847
5690
5667
4898
5678
5796
5878
5796
6546
6037
5652
5589
5591
6439
5695
5688
4950
6373
6287
6517
6113
6507
5020
4911
5749
5586
5961
6020
6269
6145
6032
5864
6145
5903
6042
5986
5900
6396
6286
5908
5873
5872
5882
6454
6286
6241
6031
5893
6475
6251
6062
5913
5932
5930
6044
6246
5875
6258
6875
5891
5963
5897
6287
6479
5980
5977
5905
6104
6239
6483
5952
6097
5959
6122
5973
5936
5920
5950
6160
5993
6255
6021
6004
6150
6015
5976
5968
6160
5998
6321
6018
6041
6028
6181
6451
6047
6239
6148
6048
6035
5983
6146
6060
5979
6490
5995
6002
6071
6014
6196
6084
6163
6111
6495
6000
6170
6496
6059
6176
6006
6121
6326
5884
6052
6076
6088
6128
5896
6135
6210
6049
6229
6905
6080
6500
6090
6154
6079
6172
6260
6117
6099
6182
6110
6108
6204
6102
6233
6136
6173
6142
6189
6193
6215
6240
6223
6246
6244
6500
6198
6386
6389
6242
6151
6264
6161
6248
6299
5945
6263
6235
6266
6231
6275
6271
6283
6342
6424
6310
6317
6280
6337
6289
6312
6323
6281
6333
6341
6179
6352
6191
6396
6328
6381
6410
6381
6506
6278
6407
6504
6294
6413
6443
6357
5867
5887
6506
6306
6311
6340
6385
6512
6380
6512
6348
6451
6338
6364
6389
6374
6376
6412
6423
6400
6433
6437
6441
6406
6441
6406
5848
5871
5974
5975
6010
6166
4989
5441
5311
5003
5311
5299
5880
6067
5166
5875
6343
5173
6130
5202
5326
5915
5372
5030
5273
5223
5283
5221
6353
5074
5121
5055
5362
5927
6077
5090
6139
5190
5254
5973
5275
6292
5218
5170
5336
5500
6392
5341
5408
5852
6461
5421
5330
6253
6094
5664
5399
5487
5270
5305
5919
5815
5328
5487
5545
6471
5529
5369
6471
5440
5464
5476
5426
5449
5456
5491
5510
5514
5850
6115
5591
5072
5230
6119
5294
5367
5395
5581
5669
5677
5530
5525
5549
7283
6616
7387
6533
6549
6323
5709
6671
6572
5774
6581
6124
6552
5804
5740
7039
6732
6668
5745
6567
5830
5732
5765
7057
6587
5824
5759
6571
6514
5734
5827
5829
5832
5832
5773
6305
5815
6686
7069
5833
5771
5804
5954
5799
5821
6588
5708
6943
6194
5802
5803
6219
5747
5582
5716
6515
5746
6715
6578
5608
5784
5762
6125
6513
6220
5812
5955
6513
6053
5831
6517
5681
5833
6535
6555
6631
6592
7289
6733
7455
7341
6680
6661
6576
6620
7344
6681
6696
6751
7015
6597
6611
6597
6648
6712
6551
6575
6575
7304
6751
7231
6991
7401
6545
6621
6624
7600
6689
6594
6521
6787
6599
6992
6601
5977
5806
6925
5971
7226
6734
5778
5740
5711
6569
5770
6554
6568
5797
5806
6574
5806
5804
5809
5782
5777
5822
6750
6113
6113
5807
5825
6516
5828
5833
6707
6720
6980
6930
6718
6968
6798
6710
6815
6730
6755
6735
6722
6779
6770
6744
6747
6759
6794
6856
6931
6868
6819
6799
6937
6886
6753
7094
7571
7094
7062
7272
6729
6941
7098
6748
7018
6797
7032
6857
7114
7037
7152
6897
6839
6891
7120
6899
6814
6914
6864
6913
6908
6962
6912
7143
7487
6936
6775
6983
6851
7083
6997
6959
6784
6953
7179
7008
6964
7029
6805
6821
7040
6985
7006
6902
7179
6844
7051
7024
6950
7118
7208
7130
7216
6958
6965
6882
6969
7171
7064
7171
7055
6892
7191
7062
6987
6982
7073
7000
7199
6879
7080
6998
7214
7100
7222
6918
7214
7115
7079
6960
6938
7137
6977
7125
6947
6994
7085
7144
7102
7022
7011
7245
7182
7025
7036
7127
7042
7219
7052
7193
7200
7089
7211
7168
7215
7175
7251
7184
7116
7192
7128
7204
7727
7258
7237
7242
7264
7250
7250
7261
7273
7267
7277
7277
6471
7050
5881
6388
6074
6446
5916
5965
6450
6453
5988
6974
6678
7161
5963
6467
6008
6325
6089
6106
5989
6460
6248
6016
6118
6469
6284
6837
6477
6025
6890
6980
6378
6890
7203
6156
6292
6222
6201
6298
6872
6492
6209
6920
6359
6474
6069
7187
6480
6493
7167
6398
6086
7221
6252
7104
7078
6304
6227
6367
6482
6485
7224
6379
6499
7207
6368
6501
6418
6503
6137
6790
6317
6502
6416
6334
6361
6506
5928
6337
6490
6224
6768
6456
6402
6932
6495
6333
6349
6847
6267
6500
6164
6293
6412
6426
6505
6197
6362
7254
6954
6211
6370
6517
6369
6344
6458
6393
6470
6355
6422
7084
7268
6435
7038
6451
7092
5856
5879
7060
5967
6012
5977
6679
6029
6092
6979
6127
6199
7004
6683
6431
6442
6511
6512
6948
6633
7556
6637
7482
7475
6990
7335
6820
7185
6647
7750
7258
7191
7122
6666
7353
7417
6642
7518
7291
7371
7373
6675
7330
6764
6677
7304
7362
7343
6660
7425
6739
6749
7389
6659
7587
6672
7322
7309
6879
6690
7385
6531
6623
7223
6545
7186
6562
6751
6565
6556
6575
6791
7131
6669
7046
7319
7502
7953
7280
8016
7759
7419
7442
7329
7972
7456
7980
7332
7968
7962
8106
7406
7977
7416
7726
7789
7869
7297
7990
8009
7312
7604
7720
7317
8190
7729
7415
7656
7565
7460
7656
8042
7707
7600
7386
7338
7402
7573
7484
7627
7170
7720
6767
7331
6831
7299
6830
7608
6840
6667
6841
7473
7540
7778
7645
7590
7644
7610
7574
7622
7683
7508
7801
7464
7506
7520
7549
7515
7789
7566
7461
7446
7787
7552
7470
7583
7683
7543
7648
7572
7511
7672
7711
7563
7773
7675
7619
7524
7585
7697
7783
7616
7607
7786
7569
7733
7723
7808
7588
7657
7585
7613
7743
7882
7689
7620
7471
7667
7678
7629
7606
7509
7744
7541
7642
7621
7554
7857
7693
7650
7863
7748
7768
7661
7785
7764
7669
7869
7684
7800
7721
7681
7716
7885
7769
7813
7896
7758
7793
7886
7741
7837
7836
7905
7838
7823
7763
8403
7832
7805
7792
7805
7843
7449
7877
7801
8197
7900
7839
7907
7865
7913
8231
7842
7919
7842
7883
7888
7466
7890
7898
7921
7900
7938
7938
7946
7947
6818
7535
6782
7053
7766
6968
6797
6855
6875
6780
6910
6939
7065
6760
6777
6898
6865
7173
7002
7016
7028
6807
7094
6888
7700
6827
7091
7074
6955
6870
6948
6769
7602
7867
7602
6864
6835
6895
6920
7112
6858
6863
7807
6915
7529
7134
6823
6898
6920
7228
6906
6850
7043
7906
6905
7906
7071
7141
7169
6967
7207
6952
7214
6989
7736
7110
6862
6968
7746
7583
7140
6962
7641
7093
6867
7157
7013
7043
7803
7107
7129
7035
6974
7161
6922
7133
7167
6934
7213
7020
7171
6937
6975
7233
6952
7624
7199
7239
7030
7048
7241
7096
7265
7252
7138
7257
7154
7215
7189
7215
7262
7190
7519
7926
7611
7271
7276
7278
7514
6754
7696
6820
6832
6946
7446
6942
7047
7232
7366
7974
8031
7352
7368
7981
7964
8414
8038
8181
8426
8037
7989
7732
8517
7413
7394
7411
8046
8490
7389
7875
7396
8062
8416
7397
8478
7413
8021
7444
7427
7406
7423
8544
8025
8231
7377
8508
7320
7994
7301
7320
7591
7325
7378
7902
7955
8398
8020
8401
8492
8480
7966
8012
8947
8331
7963
8059
7967
8348
8041
8041
8417
8171
8423
8478
8063
8100
7987
8108
8169
8085
8521
7983
7982
8032
7379
7960
7481
8036
7376
7845
8027
7878
7901
8050
8026
7483
8437
8106
8126
8420
8429
8085
8379
8124
8685
8215
8093
8190
8661
8380
8088
8226
8583
8306
8142
8116
8221
8158
8198
8103
8390
8727
8202
8080
8143
8091
8358
8132
8147
8213
8128
8708
8207
8235
8187
8257
8128
8245
8200
8196
8151
8196
8800
8273
8260
8318
8321
8278
8326
8228
8346
8292
8224
8398
8320
8378
8293
8246
8282
8364
8309
8263
8393
8367
8382
8384
8248
8394
8370
8270
8387
8396
8409
8357
8421
8433
8421
8382
8296
8385
8302
8388
8327
8392
8310
8388
8315
8425
8420
8436
8442
8419
8446
8406
8471
8430
8390
8469
8465
8419
8437
8476
8477
7811
7791
7471
7546
7489
7791
7578
7810
7645
7821
7531
7510
7541
7950
8308
7687
7694
7505
8175
7950
7602
7687
7649
8186
7719
7683
8360
7595
7474
7547
7581
7674
8269
7682
8380
7654
7751
7566
7852
7792
7612
7667
7558
7762
8376
7724
7787
7712
7821
7776
7770
8284
7618
7786
8447
7599
7731
8464
8466
7867
7701
7797
7634
7737
7743
7653
7840
7755
7817
7753
7822
7869
7880
7812
8471
7710
7831
7722
7735
7771
7905
7864
7809
7900
8470
7873
7849
7903
7847
7854
7909
7872
7914
7879
7939
7896
7899
7911
7912
7918
7917
7928
7924
7941
7930
7933
7935
8113
7936
8155
7947
7943
7945
7948
8211
7988
7504
7560
7540
8171
8255
7699
8312
7742
7775
7895
7906
8008
8061
8539
9037
8926
8162
8097
8599
8516
8505
8569
8947
8398
8530
8541
8052
8218
8587
8531
8489
8506
9044
8118
8327
8688
8528
8485
8121
8065
9082
8575
8769
8913
8949
8568
8612
8674
8512
8702
9052
8996
8649
8864
8674
8489
8674
9053
8714
8574
9079
8702
8551
8527
9105
8502
8578
8550
8590
8535
8669
8723
8740
8523
8520
8516
8514
8397
8475
8375
8171
8511
8799
8961
8814
8735
8935
8844
8882
8733
8740
8949
8816
8982
8821
8628
8840
8671
8933
8652
8953
8781
8897
8699
8888
8818
8683
8939
8891
8704
8725
8711
8919
8646
8870
8655
8930
8922
8700
8818
8978
8684
8828
8780
8805
8819
8800
8922
8787
8779
8933
8988
8799
8785
8791
8716
8804
8792
8945
8815
8681
8961
8650
8988
9357
8664
9347
8673
8778
8845
8792
8697
8713
8692
8719
8809
8873
8889
8836
8706
8869
8762
8905
8764
8877
8916
8893
8924
8877
8901
8900
8851
8957
8638
8963
8969
8224
8168
8179
8098
8230
8148
8130
8328
8139
8095
8196
8344
8833
8266
8353
8953
8237
8272
8223
8242
8239
8261
8644
8220
8149
8251
8939
8201
8275
8210
8313
8428
8440
8791
8223
8867
8232
8451
8314
8224
8242
8165
8252
8173
8860
8421
8193
8456
8339
8366
8936
8400
8471
8297
8343
8896
8365
8915
8282
8351
8380
8309
8357
8400
8309
8373
8369
8388
8392
8434
8441
8444
8461
8477
8477
8831
8465
8475
8460
8470
8466
8092
8109
8120
8159
8498
8724
8737
8771
8829
8475
9369
8554
9043
8564
9476
9382
9284
9000
9150
9232
8572
9049
9007
8577
8610
8559
8585
9015
8617
8740
9267
8892
9016
8534
9063
9022
9024
8615
8774
9466
8600
8660
8952
8739
9284
9029
8884
9451
8995
9819
9106
8989
9310
9537
9459
9307
9055
9089
9014
9055
9430
9432
9458
9232
9358
9221
9150
9435
9137
9172
9299
9071
9063
9407
9472
9096
9018
9034
9403
9040
9125
9040
9234
9009
9038
8573
8580
8991
8608
9160
9041
9027
8918
8919
8660
8598
8894
9407
8608
9057
9358
9148
9167
9136
9183
9193
9306
9191
9340
9169
9231
9204
9306
9153
9291
9172
9227
9171
9205
9213
9250
9319
9244
9289
9335
9236
9240
9367
9288
9149
9165
9684
9194
9288
9174
9192
9219
9219
9388
9298
9211
9300
9400
9332
9217
9424
9158
9291
9278
9163
9343
9195
9264
9209
9341
9245
9397
9267
9357
9402
9395
9404
9337
9363
9427
9274
9317
9426
9403
9426
9323
9283
9436
9346
9385
9399
9360
9415
9374
9413
9379
9387
9424
8798
8792
8988
8880
8800
8726
8843
8665
8987
8690
8953
9339
8719
8965
9412
8856
8731
8966
9411
8797
8645
8851
8672
8738
8762
8682
9301
8928
8764
9373
8694
8851
8940
8941
9372
8975
9378
8807
8831
8839
8850
8978
9281
8831
8979
8863
8960
9298
8848
8968
8852
8884
8984
8909
8971
8933
8981
8841
8986
8860
8897
8911
8922
8854
8899
8859
9240
8929
8907
8937
9322
9003
9312
9260
8711
8714
8766
8773
9428
8919
9437
9435
9391
8956
9083
9462
9087
9073
9093
9679
9838
9475
9544
9466
9500
9416
9257
9575
9077
9551
9231
9557
9503
9490
9503
9489
9814
9084
9819
9481
9483
9488
9142
9054
9017
9187
9329
9103
9125
9010
9198
9056
9160
9092
9645
9199
9119
9080
9806
9595
9795
9479
9926
9553
9558
9467
9552
9512
9841
9521
9496
9522
9500
9506
9530
9493
9498
9777
9630
9563
9640
9540
9456
9477
9439
9454
9199
9126
9116
9679
9120
9453
9750
9735
9709
9802
9828
9740
9622
9813
9717
9765
9712
9830
9753
9731
9758
9593
9771
9768
9711
9777
9733
9638
9770
9714
9719
9813
9646
9747
9673
9737
9573
9673
10155
9578
9780
9807
9605
9732
9783
9633
9790
9702
9807
9799
9641
9805
9809
9806
9676
9650
9654
9815
9625
9666
9702
9589
9669
9682
9621
9820
9620
9681
9822
9638
9608
9741
9701
9608
9678
9708
9721
9685
9772
9652
9746
9671
9756
10113
9752
9812
10171
9825
9586
9634
9640
9582
9606
9295
9407
10053
9680
9321
9200
9703
9351
9763
9335
9196
9219
9239
9749
9830
9199
9348
9228
9242
9211
9347
9229
9371
9371
9635
9766
9270
9811
9381
9378
9817
9378
9393
9281
9252
9298
9276
9304
9297
9415
9295
9321
9420
9187
9218
9796
9587
9277
9601
9314
9668
9330
9826
9482
9678
9519
9854
9596
9539
9560
9907
9844
9517
9563
9853
10201
9555
9521
10179
9865
9864
10192
9561
9461
9575
9594
9679
9958
9588
9527
9667
9556
9546
9907
10170
9918
9882
9856
10264
9850
9925
9847
9855
9855
9912
10449
9885
9984
9992
10205
9915
9917
9860
10083
9832
9920
9662
10095
9922
9831
9660
9529
9532
10091
10098
10085
9884
10034
10188
10019
10186
9952
10063
9970
9972
10075
9963
9976
9998
10038
9955
9961
10024
9952
10054
9982
9955
10077
10015
9968
10029
9986
10043
10035
10161
9996
10057
10088
9989
10075
10104
10008
9971
10106
10042
10130
10096
10056
10116
10141
10110
10169
10146
10051
10114
10080
10162
10087
10086
10181
10177
10119
10086
10052
10144
10189
10133
10062
10156
10175
10192
10138
10183
10185
10145
9712
9625
9610
9712
9618
9687
9757
10078
10146
9656
9629
10005
9802
9648
9716
9627
9633
10037
9987
10020
9694
9726
10001
9689
9665
10076
9750
10084
9759
9726
9738
10061
10100
10103
9798
9787
9766
9811
9802
9825
9813
9909
9603
9858
9965
9698
10012
9843
10179
10170
9868
10202
10244
10047
9875
9928
9891
10622
9917
9906
10263
9992
10166
9919
9911
9959
9914
10170
9943
10191
9895
10440
9928
10204
10219
10460
10555
10632
10538
10197
10230
10225
10275
10605
10209
10239
10228
10211
9891
9875
10233
10268
9890
10632
10194
9899
10465
9903
9919
9924
10304
10365
10507
10537
10600
10302
10834
10343
10348
10416
10553
10328
10412
10334
10397
10545
10441
10329
10342
10466
10324
10426
10845
10433
10352
10450
10467
10395
10414
10473
10462
10432
10548
10411
10584
10488
10480
10436
10323
10497
10548
10464
10588
10474
10569
10338
10597
10519
10503
10443
10333
10475
10549
10549
10495
10577
10556
10385
10587
10567
10520
10330
10349
10581
10576
10576
10320
10320
9946
10176
10346
10357
10013
9966
10009
10318
10552
10024
10139
10377
10023
10359
10363
10014
10176
10059
10342
10050
10146
10368
10371
10086
10162
10061
10084
10380
10195
10450
10128
10155
10148
10127
10162
10133
10478
10136
10159
10593
10129
10151
10168
10164
10093
10153
10499
10167
10124
10188
10589
10217
10073
10122
10853
10475
10292
10608
10616
10250
10253
10432
10278
10611
10283
10267
10636
10624
10280
10594
10272
10631
10250
10271
10522
10598
10522
10255
10522
10530
10599
10480
10236
10544
10231
10240
10544
10603
10666
10621
10619
10617
10635
10615
10989
10631
10626
10650
10630
10680
10986
10672
11166
10990
10662
10682
10681
10539
10667
10513
10281
10678
10468
10409
10500
10596
10285
10635
10286
10527
10469
10287
10469
11292
10712
10805
10939
10689
10762
10745
10721
10737
10704
10707
10830
10782
10914
10765
10754
10797
10815
10764
10794
10774
10887
10909
10850
10869
10755
10883
10872
10757
10917
10913
10851
10921
10722
10924
10928
10876
10932
10826
10933
10821
10843
10865
10884
10891
10900
10905
10912
10597
10470
10910
10531
10338
10709
10402
10372
10688
10435
10453
10387
10703
10466
10420
10381
10351
10565
10700
10378
10446
10736
10584
10467
10477
10404
10467
10775
10812
10750
10815
10795
10430
10535
10572
10509
10570
10393
10413
10516
10421
10894
10819
10754
10551
10557
10482
10597
10459
10407
10806
10423
10511
10479
10573
10542
10345
10511
10858
10590
10388
10586
10887
10590
10561
10442
10574
10587
10580
10466
10582
10805
10518
10919
10534
10578
10693
10724
10409
10455
10858
10469
10480
10491
10501
10563
10540
10587
10869
10676
10649
10661
10953
10947
10654
10646
10733
10984
10669
10659
10958
10743
10751
10640
11180
10962
10944
10951
10960
11183
11108
10980
11177
10956
10964
10957
10964
10958
10965
10961
10982
11130
11175
10992
10958
10988
10946
10721
10886
10736
10746
11075
11030
11025
11072
11110
11080
11239
11056
11151
10998
11139
11031
11036
11132
11109
11045
11301
11134
11133
11143
11150
11020
11033
11033
11116
11040
11121
11312
10744
10768
10910
10701
10708
10749
10810
10803
11050
10710
10877
10829
10720
10907
11037
11081
10929
10903
10878
10731
10754
11062
10719
10814
10828
10887
10825
10799
10748
10766
10846
10757
10828
11102
10784
10867
10779
10883
10833
11113
11087
11126
10781
11090
10831
10817
10880
10770
10840
11135
11091
10786
10787
10823
10836
10833
10899
10857
10883
10798
11069
10935
10907
11084
10848
10847
11092
10890
10860
11289
11143
10896
10881
10896
10893
10902
10908
11101
10910
10926
10930
10938
11055
10751
11007
11006
10974
10971
10975
11170
11294
10974
11187
11422
10976
10991
10976
11185
10946
10950
10949
10952
11160
11161
11164
11187
11169
11179
11202
11166
10976
10982
11163
11285
11228
11308
11262
11250
11264
11310
11242
11235
11313
11266
11255
11282
11281
11278
11277
11294
11079
11016
11146
11257
11153
11143
11030
11102
11258
11011
11260
11226
11054
11105
11243
11018
11043
11118
11073
11071
11093
11087
11290
11246
11088
11053
11154
11060
11098
11125
11129
11086
11112
11094
11154
11078
11291
11071
11415
11418
11076
11123
11107
11295
11244
11119
11137
11303
11138
11140
11131
11276
11154
11149
11147
11224
11152
11145
11181
11196
11239
11190
11199
11208
11206
11322
11405
11209
11214
11213
11216
11216
11168
11200
11215
11321
11324
11422
11340
11327
11324
11329
11323
11324
11405
11198
11423
11211
11335
11332
11370
11332
11216
11319
11395
11353
11360
11385
11452
11378
11389
11381
11428
11401
11410
11434
11392
11249
11279
11368
11246
11304
11306
11285
11253
11300
11254
11241
11280
11271
11454
11283
11454
11366
11395
11439
11394
11284
11445
11297
11292
11437
11300
11451
11494
11480
11499
11343
11351
11356
11501
11392
11428
11392
11493
11481
11560
11494
11357
11501
11559
11472
11489
11364
11499
11584
11405
11488
11603
11561
11625
11553
11567
11583
11608
11603
11639
11590
11572
11641
11639
11432
11605
11442
11406
11645
11418
11454
11413
11448
11422
11571
11428
11427
11617
11408
11421
11403
11424
11444
11423
11412
11438
11417
11446
11426
11447
11599
11435
11456
11448
11573
11456
11367
11402
11347
11485
11542
11533
11532
11720
11469
11491
11603
11540
11536
11495
11543
11504
11505
11479
11532
11502
11506
11505
11493
11720
11540
11650
11649
11651
11651
11704
11538
11522
11532
11524
11538
11527
11543
11534
11542
11543
11533
11528
11683
11675
11699
11684
11704
11681
11633
11639
11644
11586
11626
11586
11638
11582
11598
11645
11616
11638
11640
11577
11596
11595
11594
11593
11620
11610
11621
11672
11633
11613
11614
11656
11642
11627
11635
11663
11624
11643
11661
11623
11626
11738
11629
11637
11638
11645
11473
11584
11683
11688
11714
11648
11708
11651
11708
11749
11750
11750
11747
11735
11681
11684
11688
11706
11741
11685
11669
11739
11712
11743
11712
11677
11710
11714
11729
11688
11720
11716
11719
11724
11718
11735
11726
11742
11738
11700
11736
11718
11704
11722
11732
11731
11735
11749
11734
11738
11741
11745
11750
11747
