-0.032950 -0.185404 -0.982110
-0.102934 0.091684 -0.990454
0.046123 -0.295014 -0.954379
0.012584 -0.226508 -0.973928
-0.114324 -0.161770 -0.980184
0.229266 -0.191081 -0.954424
-0.013536 0.338688 -0.940801
0.470920 0.211699 -0.856398
-0.021227 0.319920 -0.947207
-0.557913 -0.091339 -0.824857
-0.076234 0.144175 -0.986611
0.147948 -0.352910 -0.923886
0.312467 0.304033 -0.899960
0.068455 0.170993 -0.982891
-0.006735 -0.396748 -0.917903
0.158711 -0.023594 -0.987043
-0.617868 -0.048294 -0.784797
0.592049 -0.118233 -0.797182
-0.342676 0.134634 -0.929756
-0.503165 0.164247 -0.848439
0.042362 -0.304424 -0.951594
0.411397 0.096681 -0.906314
0.189533 0.032768 -0.981327
0.005831 0.077456 -0.996979
0.249926 -0.304005 -0.919303
-0.435106 -0.237968 -0.868363
0.030222 -0.322218 -0.946183
-0.381940 -0.665381 -0.641397
-0.214386 -0.203776 -0.955256
-0.480501 -0.024354 -0.876656
0.390722 0.223182 -0.893043
-0.446028 -0.112843 -0.887877
-0.605166 0.005717 -0.796079
0.831987 0.009012 -0.554721
0.555574 -0.092714 -0.826282
-0.534043 -0.268793 -0.801591
-0.469014 0.137456 -0.872429
0.280516 0.195063 -0.939820
0.196480 0.122740 -0.972795
0.054250 0.232461 -0.971092
0.094267 0.468706 -0.878310
-0.045889 0.181224 -0.982371
-0.565153 0.224064 -0.793976
-0.245653 0.310491 -0.918287
-0.240269 -0.375420 -0.895171
-0.554380 -0.454638 -0.697113
-0.357320 0.050404 -0.932621
0.136231 0.346715 -0.928025
0.437077 -0.256027 -0.862215
0.066642 -0.397570 -0.915149
-0.257615 0.017486 -0.966089
0.007622 0.694818 -0.719145
0.340812 -0.062136 -0.938076
-0.132687 0.500950 -0.855244
0.602399 -0.162380 -0.781504
0.078114 -0.514585 -0.853874
-0.021711 0.002741 -0.999761
0.264988 0.129702 -0.955489
0.507022 -0.146685 -0.849360
-0.083932 -0.296080 -0.951468
0.076691 -0.251620 -0.964783
0.131758 0.006975 -0.991257
-0.581042 0.064964 -0.811277
0.744162 0.130526 -0.655122
-0.670912 -0.256285 -0.695841
-0.034054 0.530529 -0.846982
-0.273623 -0.069641 -0.959313
-0.360085 -0.143465 -0.921823
0.129644 -0.405384 -0.904907
0.650500 0.230303 -0.723747
0.071933 0.438537 -0.895830
0.818526 -0.145327 -0.555784
0.440334 -0.170266 -0.881542
-0.472606 -0.359531 -0.804600
-0.944025 -0.086690 -0.318280
0.781611 0.002581 -0.623761
-0.602882 0.190923 -0.774650
-0.453280 -0.302022 -0.838642
-0.618894 0.099692 -0.779122
-0.326995 0.332174 -0.884723
-0.060692 0.349985 -0.934787
0.204584 -0.630744 -0.748537
-0.428198 -0.137632 -0.893143
-0.497047 0.092685 -0.862759
0.088383 0.420554 -0.902952
0.438047 0.306072 -0.845242
-0.504298 0.329000 -0.798400
0.306340 0.213144 -0.927753
0.155527 0.665504 -0.730011
-0.688215 -0.299222 -0.660928
0.172265 -0.895778 -0.409765
-0.730447 -0.056405 -0.680636
0.507865 -0.389796 -0.768200
-0.844403 -0.177830 -0.505331
0.185122 0.614096 -0.767213
-0.525173 -0.173541 -0.833113
-0.995503 0.058287 -0.074677
-0.623952 0.297279 -0.722710
0.053895 -0.524866 -0.849477
0.157184 0.863527 -0.479181
0.990899 0.046752 -0.126225
-0.936158 0.057370 -0.346868
0.859564 -0.151786 -0.487966
0.417146 -0.255541 -0.872174
-0.248002 -0.767406 -0.591255
0.905030 -0.022945 -0.424729
-0.278075 -0.178426 -0.943842
-0.984319 -0.104744 -0.141932
0.046738 0.217845 -0.974864
0.969128 -0.140392 -0.202686
-0.158284 0.691224 -0.705092
0.282413 -0.049205 -0.958030
0.350390 0.485123 -0.801176
-0.067338 0.851582 -0.519879
-0.209439 -0.775642 -0.595411
-0.243426 -0.100219 -0.964728
0.258446 -0.874884 -0.409615
-0.304124 0.019256 -0.952438
0.029042 0.681960 -0.730812
-0.019703 -0.286017 -0.958022
0.769360 0.235678 -0.593751
0.058961 -0.543997 -0.837013
0.075148 -0.256947 -0.963499
0.002922 -0.316812 -0.948484
-0.195041 0.381959 -0.903364
0.000847 0.525843 -0.850581
-0.335835 -0.120217 -0.934217
0.986424 -0.118433 -0.113761
0.307949 0.516332 -0.799105
0.107491 -0.252595 -0.961583
0.374239 -0.544599 -0.750572
0.770388 -0.033493 -0.636695
0.757463 0.056170 -0.650458
-0.943302 -0.049325 -0.328250
0.353514 -0.901407 -0.249988
0.778782 0.578797 -0.241854
0.154829 -0.983159 -0.097091
-0.668151 -0.038004 -0.743054
0.851681 -0.070789 -0.519257
0.600521 -0.183789 -0.778201
-0.841405 0.024090 -0.539867
0.244082 -0.964852 -0.097390
0.063435 -0.653263 -0.754469
-0.987985 0.092177 -0.124049
0.987496 -0.117919 -0.104627
0.075370 0.484526 -0.871524
0.042902 0.998541 -0.032800
-0.612679 0.342459 -0.712282
0.083564 -0.143980 -0.986046
-0.074530 -0.908298 -0.411630
-0.137630 -0.083916 -0.986923
0.552511 -0.197604 -0.809743
0.728142 0.435837 -0.529013
-0.282542 0.485728 -0.827187
-0.893669 -0.169681 -0.415407
-0.067229 0.996216 -0.055082
0.015249 0.739529 -0.672952
-0.984698 -0.002124 0.174255
-0.047620 0.791654 -0.609111
-0.903567 -0.076253 -0.421606
0.626611 -0.151527 -0.764459
0.003449 -0.587780 -0.809014
-0.017274 0.094291 -0.995395
0.523053 -0.287800 -0.802238
0.938818 0.103103 -0.328620
-0.719870 -0.221569 -0.657796
-0.843688 0.536817 -0.004290
-0.540841 0.129482 -0.831099
0.903307 -0.406355 -0.137521
0.729696 -0.446641 -0.517741
-0.825598 0.352446 -0.440648
-0.254268 -0.948198 -0.190440
-0.768328 -0.360810 -0.528666
-0.960490 -0.264337 -0.087089
-0.939673 -0.190446 -0.284158
0.592666 0.779618 -0.202341
-0.145001 -0.781632 -0.606652
-0.058898 0.972095 0.227071
0.781518 -0.402127 -0.476994
0.509552 0.415775 -0.753318
0.956288 0.022363 -0.291569
-0.759137 -0.112960 -0.641055
0.899615 0.183997 -0.396028
-0.897299 0.044719 -0.439153
0.844141 0.013457 0.535952
-0.891100 -0.154794 -0.426592
0.148805 0.846721 -0.510805
0.005571 -0.990861 0.134771
0.165786 0.802713 -0.572858
0.205881 -0.922234 -0.327258
0.931667 -0.252005 -0.261706
0.905969 -0.169233 -0.388046
-0.226451 -0.971084 0.075600
0.030146 0.954173 -0.297734
-0.978683 -0.144579 0.145867
-0.877861 -0.049765 -0.476323
-0.287897 0.804251 -0.519899
0.908026 -0.046810 -0.416291
0.992746 -0.081231 0.088634
-0.969521 -0.112404 -0.217702
0.996852 0.016459 0.077556
-0.063588 -0.708579 -0.702761
0.385220 0.096011 -0.917817
-0.760370 -0.092257 -0.642905
-0.221701 0.586291 -0.779174
-0.924950 -0.069152 -0.373745
0.817273 -0.573222 -0.059001
-0.774612 -0.525019 -0.352606
0.950785 -0.260328 -0.168040
0.071351 0.541198 0.837863
0.838726 -0.169578 -0.517477
0.786649 -0.589125 -0.184703
0.232401 0.917277 -0.323408
-0.994751 -0.083069 0.059745
0.201590 -0.733662 0.648924
-0.918641 0.217939 -0.329548
0.901985 0.202275 -0.381456
-0.906209 -0.013635 -0.422611
0.997217 0.020628 0.071641
-0.898154 -0.042230 -0.437649
0.137856 -0.984994 0.103838
-0.050929 0.917423 -0.394640
-0.024771 0.807376 0.589517
0.703849 0.361609 -0.611421
0.961392 -0.000725 -0.275181
0.982600 -0.103518 0.154210
0.758014 -0.055030 0.649913
-0.781875 -0.086504 0.617404
0.716426 0.044109 0.696268
0.157222 -0.302639 0.940049
-0.763082 -0.071952 0.642284
-0.948247 -0.010027 0.317375
-0.096575 0.884163 0.457088
-0.941405 -0.184202 0.282537
-0.862004 -0.361130 -0.355715
-0.994043 0.050387 -0.096642
-0.868578 -0.444312 -0.219451
-0.586231 0.798219 0.138495
-0.560537 0.823020 0.091848
0.062248 -0.506688 0.859879
0.024725 0.824529 0.565280
-0.941910 0.195293 0.273253
0.789669 -0.553919 -0.263813
-0.211991 -0.613027 0.761090
0.317218 -0.068476 0.945877
-0.531759 -0.043860 0.845759
-0.516010 -0.021312 0.856318
-0.911489 -0.165409 0.376601
0.007924 0.942781 0.333317
-0.894508 0.387258 -0.223351
0.228015 0.514980 0.826320
-0.448907 0.886089 -0.115450
0.724565 -0.212847 0.655516
-0.213591 -0.967142 0.137895
-0.782286 -0.041507 0.621535
0.892401 -0.176930 0.415110
-0.180160 -0.407748 0.895145
0.196273 -0.158694 0.967622
-0.815270 -0.012251 0.578952
0.319562 -0.043572 0.946563
0.126408 0.984634 -0.120488
0.053859 -0.988790 -0.139261
0.933176 -0.359417 0.001290
-0.162260 -0.628602 0.760613
-0.987424 -0.151072 0.046592
0.898628 -0.421950 0.120106
0.915500 -0.162806 0.367906
0.272057 -0.782391 0.560223
0.997352 0.066362 0.029765
0.090290 0.635836 0.766525
0.734717 -0.006825 0.678339
-0.717300 -0.153129 0.679729
0.860189 -0.088072 0.502313
0.760734 0.476154 0.441091
-0.986226 0.081709 -0.143811
0.982275 0.159690 -0.098152
-0.941828 -0.097252 0.321718
-0.992684 0.120697 -0.003354
0.261902 0.813498 0.519258
0.971079 0.089501 0.221348
0.687476 -0.047330 0.724663
-0.987768 -0.152277 -0.033544
0.669109 -0.041042 0.742030
-0.448147 0.889252 0.091629
0.369372 0.867683 0.332703
-0.683288 -0.159975 0.712408
0.288859 -0.660653 0.692891
-0.214120 0.219674 0.951786
0.174538 -0.257750 0.950316
-0.942168 -0.103207 0.318855
0.989219 -0.136856 0.052114
-0.075398 -0.992109 -0.100179
0.976179 0.175404 0.127701
-0.930372 -0.347988 0.115378
-0.910871 -0.349189 0.219958
0.968523 0.036287 -0.246266
0.961570 -0.224591 0.157928
0.745007 0.648533 0.156106
0.982210 -0.084199 0.167853
-0.104018 0.665629 0.738998
0.984512 0.066234 0.162327
0.961951 0.272886 -0.013507
-0.990299 0.122169 0.066196
-0.983025 -0.178954 0.040469
0.899138 0.411119 -0.150105
-0.264439 0.758875 0.595130
0.354522 0.721311 0.594999
-0.557341 0.029366 0.829764
0.103773 0.230750 0.967463
-0.328882 -0.054831 0.942778
-0.268258 -0.054730 0.961791
0.968009 -0.243822 -0.059233
-0.656256 0.037438 0.753609
-0.855432 -0.097244 0.508704
-0.597725 0.755486 0.268265
-0.506770 -0.350313 0.787696
0.704187 -0.225497 0.673255
0.992753 -0.104152 0.059943
-0.214805 -0.368679 0.904397
-0.947245 -0.275011 0.164607
0.485033 -0.233534 0.842737
0.853474 -0.396931 0.337681
-0.924646 0.280553 0.257525
-0.985233 0.046973 0.164650
-0.170898 0.120717 0.977866
0.152827 -0.234154 0.960112
-0.978392 0.170603 -0.116804
0.321513 0.306435 0.895951
-0.999790 -0.016312 -0.012420
-0.159970 0.967260 0.197021
0.714548 -0.421473 0.558375
-0.695850 -0.154152 0.701448
0.351797 0.721090 0.596883
0.602074 -0.590574 0.537335
-0.957812 -0.095719 0.270987
-0.346829 -0.088150 0.933777
-0.947323 0.141737 0.287211
-0.216043 0.127770 0.967988
0.074787 0.323759 0.943179
0.096408 0.602148 0.792542
0.798981 -0.534568 0.275438
-0.945431 0.151296 0.288564
0.956874 0.117994 0.265459
0.148016 0.353906 0.923495
0.559441 -0.251978 0.789641
-0.819856 -0.417909 0.391393
-0.691146 -0.433159 0.578525
0.947140 -0.107450 0.302292
0.818283 -0.342285 0.461794
0.292025 -0.952952 -0.081268
0.641647 -0.763469 -0.073507
0.880778 0.135376 0.453766
-0.647596 -0.487148 0.585923
-0.509587 -0.115937 0.852573
0.987112 0.117222 0.108942
-0.810713 0.164369 0.561897
-0.821957 -0.302381 0.482652
0.997454 -0.041230 0.058187
0.864751 0.077684 0.496155
-0.106990 0.546459 0.830624
0.886254 -0.022823 0.462636
-0.922474 -0.239646 0.302674
0.044625 0.658550 0.751213
-0.871679 0.026469 0.489361
-0.961370 0.030471 0.273567
-0.884013 -0.175908 0.433101
0.693554 -0.020529 0.720112
0.248742 -0.426118 0.869799
-0.662899 0.274891 0.696420
-0.555959 -0.728670 0.399938
0.783548 -0.405531 0.470741
0.719084 -0.233347 0.654574
-0.798939 0.213542 0.562225
0.755376 -0.308171 0.578305
0.536003 0.386351 0.750622
0.876195 0.169252 0.451261
-0.777982 0.169333 0.605037
-0.125521 -0.402757 0.906659
-0.598674 -0.258493 0.758136
-0.722607 -0.089405 0.685453
0.713613 -0.041959 0.699283
-0.011152 0.618280 0.785879
-0.508192 -0.341388 0.790693
-0.692620 0.130974 0.709312
-0.031550 0.617009 0.786323
-0.565692 0.035342 0.823859
-0.149683 -0.485046 0.861583
0.696167 -0.093713 0.711736
-0.381473 0.302763 0.873392
0.935027 -0.229392 0.270377
-0.336216 0.872762 0.353899
-0.822185 0.195894 0.534450
0.545158 -0.837974 -0.024515
0.177747 -0.662155 0.727982
0.268702 -0.307011 0.912986
0.384589 0.036653 0.922360
0.028689 0.718944 0.694475
0.844446 0.230311 0.483598
-0.482073 0.039107 0.875258
-0.786609 0.091249 0.610672
0.815899 0.161038 0.555315
-0.699706 -0.379281 0.605440
0.892815 0.020233 0.449968
-0.426221 -0.319744 0.846227
0.252449 -0.158291 0.954575
0.486188 -0.855860 0.176423
0.462784 0.589392 0.662154
-0.721489 0.093612 0.686068
0.172666 -0.482310 0.858815
-0.255527 0.644447 0.720690
-0.255932 0.084103 0.963029
0.250694 -0.105895 0.962257
0.700658 -0.011537 0.713404
-0.759343 0.075263 0.646324
0.086102 -0.180285 0.979839
0.761172 0.049979 0.646622
0.043771 0.701964 0.710866
-0.114828 -0.144205 0.982863
0.892038 0.152021 0.425626
-0.172638 -0.383931 0.907080
-0.565989 -0.118317 0.815878
0.775475 -0.249787 0.579866
0.394313 -0.338021 0.854552
-0.276431 -0.057880 0.959289
-0.572021 -0.802021 0.171915
-0.662139 -0.139261 0.736327
-0.629970 -0.214374 0.746446
-0.006953 0.622719 0.782415
-0.691137 0.037141 0.721768
0.553970 -0.231878 0.799594
-0.050727 0.665839 0.744369
0.091215 -0.418468 0.903639
0.344598 0.470967 0.812060
-0.279726 -0.258550 0.924611
0.529676 -0.019041 0.847986
0.698715 -0.111377 0.706677
-0.531232 -0.017633 0.847043
-0.088084 0.017942 0.995951
0.294273 0.205556 0.933354
-0.438539 0.022420 0.898432
-0.198136 -0.050714 0.978862
-0.047298 -0.116484 0.992066
-0.122934 -0.005863 0.992398
-0.094343 -0.117080 0.988631
