2 12 21 22 28 
1 7 13 21 24 
46 47 55 86 92 
5 14 25 27 50 
4 14 26 27 30 
10 36 72 110 128 
2 9 13 41 71 
20 23 39 101 106 
7 19 24 44 71 
6 17 36 75 108 
14 30 40 63 80 
1 22 28 59 74 
2 7 22 41 70 
4 5 11 40 42 
21 24 28 56 78 
4 25 31 42 49 
20 23 75 97 158 
6 10 23 34 128 
9 24 33 44 79 
8 17 23 43 97 
1 2 15 24 28 
1 12 13 64 70 
8 17 18 20 34 
2 9 15 19 21 
4 16 49 50 93 
5 30 68 90 166 
4 5 50 68 130 
1 12 21 74 137 
32 35 61 94 103 
5 11 26 63 138 
16 42 66 104 113 
29 35 37 94 102 
15 19 78 79 141 
18 23 101 128 185 
29 32 76 103 199 
6 65 72 108 195 
32 38 76 77 102 
37 62 76 77 121 
8 43 54 87 106 
11 14 66 111 126 
7 13 71 129 163 
14 16 31 40 66 
8 20 39 87 144 
9 19 79 81 98 
58 160 169 174 262 
3 92 131 173 208 
3 86 89 92 171 
51 91 136 172 178 
16 25 93 170 179 
4 25 27 93 123 
48 117 156 172 178 
82 85 135 167 210 
57 67 84 132 161 
39 87 118 133 165 
3 47 86 131 139 
15 78 96 116 164 
53 83 84 132 134 
45 65 145 160 169 
12 64 73 192 225 
69 114 125 142 215 
29 103 107 155 191 
38 57 83 121 181 
30 80 138 151 154 
12 22 59 70 183 
36 58 72 160 195 
40 42 100 126 180 
73 74 84 186 206 
26 27 127 130 166 
60 114 117 142 147 
13 22 153 183 217 
7 41 81 112 163 
36 65 110 145 229 
12 59 67 161 192 
12 28 67 137 186 
10 17 108 158 231 
35 37 38 199 201 
37 38 62 83 200 
15 33 56 96 141 
19 33 44 98 184 
11 63 111 154 197 
44 71 112 127 148 
52 85 135 167 240 
57 62 77 134 200 
53 57 67 134 206 
52 105 135 188 210 
47 55 89 139 176 
39 43 54 144 168 
175 196 198 207 280 
47 86 171 176 261 
26 138 166 235 237 
48 51 136 172 178 
46 47 171 208 236 
25 49 140 179 211 
29 32 155 255 259 
99 119 187 233 241 
56 78 116 182 220 
20 43 144 158 247 
44 79 148 216 250 
95 143 187 193 244 
66 113 180 213 274 
8 34 106 227 253 
32 37 94 232 259 
29 35 61 199 226 
31 109 113 162 170 
85 115 119 188 257 
8 39 101 165 253 
61 191 196 198 214 
10 36 75 228 231 
104 120 157 162 189 
6 72 128 229 260 
40 80 126 197 238 
71 81 127 130 163 
31 100 109 189 213 
60 69 125 147 223 
95 105 119 193 257 
56 96 118 182 204 
51 69 156 172 230 
54 116 133 168 204 
95 105 115 233 257 
109 122 157 162 190 
38 62 181 201 271 
120 124 159 190 221 
50 112 140 163 203 
122 125 150 159 221 
60 114 124 150 223 
40 66 111 180 238 
81 112 130 148 218 
6 18 34 110 185 
13 41 153 203 224 
27 50 68 112 127 
46 55 173 180 212 
53 57 181 209 267 
54 118 152 165 263 
57 83 84 206 277 
82 85 188 210 240 
48 51 91 156 178 
21 28 74 164 186 
30 63 90 202 237 
55 86 176 212 269 
93 123 203 211 296 
33 78 184 220 275 
60 69 150 215 258 
99 146 177 187 264 
43 87 97 234 272 
58 72 219 229 288 
143 177 187 222 249 
69 114 156 230 258 
81 98 127 218 250 
151 177 202 205 254 
60 124 125 215 289 
63 149 154 202 205 
116 133 164 243 263 
70 129 217 224 302 
63 151 197 205 252 
61 94 214 255 308 
51 117 147 178 230 
109 120 189 194 279 
17 75 97 231 246 
124 125 194 251 270 
58 65 195 242 288 
53 73 132 192 209 
104 109 120 170 268 
41 71 112 123 203 
56 137 152 186 243 
39 54 106 133 256 
26 68 90 235 282 
52 82 85 210 240 
87 118 204 234 265 
45 58 219 262 293 
104 162 179 266 268 
47 89 92 236 239 
48 51 91 117 178 
46 131 208 238 295 
45 160 242 262 327 
88 196 207 278 292 
86 89 261 269 298 
143 146 149 254 264 
48 51 136 156 172 
93 170 211 266 312 
100 126 131 274 291 
62 121 132 267 271 
96 116 204 220 304 
64 217 225 276 301 
79 141 216 275 303 
34 101 128 227 245 
74 137 206 243 294 
95 99 146 241 249 
85 105 135 210 257 
109 113 157 213 307 
120 122 162 221 287 
61 107 198 226 273 
73 161 225 297 299 
95 99 115 244 257 
157 159 270 279 309 
36 65 160 228 288 
107 175 198 214 278 
111 154 238 284 285 
88 191 196 273 280 
35 76 103 281 283 
77 83 232 248 286 
38 76 121 271 283 
138 149 151 237 254 
123 129 140 163 224 
116 118 168 182 265 
151 154 222 252 306 
84 134 186 290 294 
88 175 198 280 292 
46 92 173 236 320 
132 161 267 297 322 
52 85 135 188 240 
93 140 179 296 312 
131 139 269 291 318 
100 113 189 300 307 
107 155 196 278 308 
60 142 150 258 289 
98 184 250 303 323 
70 153 183 276 302 
127 148 250 282 324 
58 145 169 288 293 
96 141 182 275 304 
122 124 190 287 289 
146 149 205 249 306 
114 125 251 258 289 
129 153 203 296 305 
59 183 192 299 301 
61 103 191 199 281 
101 185 245 247 253 
36 108 195 231 260 
72 110 145 260 288 
69 117 147 156 258 
75 108 158 245 246 
77 102 259 286 311 
95 115 119 241 257 
87 144 168 272 316 
90 166 237 282 346 
92 171 208 239 320 
90 138 202 235 314 
111 173 285 295 313 
89 171 236 261 315 
82 135 167 188 210 
95 187 233 244 249 
160 174 262 288 327 
152 164 263 294 341 
99 143 193 241 264 
128 185 231 246 260 
158 227 231 245 247 
97 158 227 246 272 
134 200 277 286 332 
146 187 222 264 325 
148 216 218 323 342 
125 159 223 270 289 
154 205 222 284 306 
101 106 227 256 272 
149 177 202 264 319 
94 155 259 308 310 
133 165 253 263 334 
105 115 119 188 233 
142 147 215 223 230 
94 102 232 255 311 
110 228 229 231 245 
89 176 239 298 330 
169 174 293 327 350 
133 243 256 334 341 
143 177 244 249 325 
168 204 304 347 357 
170 179 268 312 348 
132 181 209 322 345 
170 266 287 317 326 
139 212 298 318 352 
159 194 251 289 309 
121 181 201 286 321 
144 234 247 253 316 
191 198 280 308 333 
100 180 291 300 331 
141 184 220 337 365 
183 217 301 343 359 
134 248 290 332 354 
175 196 214 329 333 
157 189 307 309 326 
198 207 273 292 333 
103 199 226 283 310 
218 235 324 346 364 
199 201 281 310 311 
197 252 285 338 339 
197 238 284 313 339 
200 232 248 311 321 
162 190 268 309 326 
160 195 219 229 242 
150 215 221 223 251 
206 277 294 353 354 
212 274 318 331 371 
175 207 280 329 351 
169 219 262 288 350 
186 206 290 349 353 
173 238 313 362 370 
211 305 312 355 358 
192 209 299 322 372 
176 261 269 330 352 
192 225 297 301 361 
213 274 328 344 363 
225 276 299 359 361 
153 217 305 343 376 
184 216 323 337 377 
182 220 265 335 357 
153 224 296 302 355 
205 222 252 319 325 
189 213 279 300 344 
155 214 226 255 273 
194 270 279 287 326 
255 259 281 283 311 
232 259 283 286 310 
211 296 348 358 390 
238 285 295 328 360 
237 336 346 366 369 
239 261 330 356 389 
234 265 272 334 347 
266 268 326 344 375 
212 269 291 367 371 
254 306 314 325 336 
208 236 356 362 386 
181 271 286 332 345 
209 267 297 368 372 
216 303 342 373 377 
218 282 342 364 400 
222 249 264 306 319 
268 279 287 309 317 
174 242 262 350 393 
274 313 331 360 363 
175 278 292 333 391 
239 261 298 315 389 
274 291 328 370 371 
248 277 321 345 354 
278 280 329 351 391 
256 263 316 341 387 
220 304 357 365 380 
314 319 338 369 382 
275 303 365 377 384 
252 284 306 336 339 
252 284 285 338 340 
285 313 339 360 382 
243 263 334 374 395 
250 323 324 373 400 
276 302 359 376 381 
300 307 317 363 375 
267 321 332 354 368 
235 282 324 364 366 
265 316 357 387 404 
266 312 390 398 419 
294 374 379 383 394 
174 262 293 327 393 
207 280 292 333 406 
269 298 318 367 407 
290 294 354 378 383 
277 290 332 353 368 
296 305 358 401 403 
236 315 320 386 389 
265 304 335 347 404 
296 312 355 390 403 
276 301 361 381 396 
313 328 340 385 397 
299 301 359 388 396 
208 295 320 370 386 
300 328 344 375 385 
282 324 346 402 414 
275 335 337 380 384 
314 346 392 402 427 
318 352 371 405 407 
322 345 354 372 378 
314 336 382 392 410 
295 313 331 362 405 
291 318 331 367 405 
297 322 368 378 388 
323 342 377 400 408 
294 341 349 395 412 
317 344 363 398 417 
302 343 381 401 413 
303 323 337 373 399 
353 368 372 383 418 
349 383 394 409 418 
335 365 384 404 411 
343 359 376 396 413 
340 360 369 397 410 
349 353 378 379 418 
337 365 380 399 411 
328 360 363 397 417 
320 356 362 389 407 
334 347 357 395 404 
297 361 372 378 418 
315 330 356 386 407 
312 348 358 419 422 
329 333 351 406 425 
314 366 369 410 427 
219 262 293 327 350 
349 379 409 415 420 
341 374 387 404 412 
359 361 381 409 423 
360 382 385 410 428 
348 375 417 419 433 
377 384 411 421 424 
324 342 364 408 414 
355 376 413 416 435 
364 366 414 426 427 
355 358 416 422 436 
347 357 380 387 395 
331 367 370 371 407 
292 333 351 391 425 
367 371 386 389 405 
342 373 400 429 437 
379 394 418 423 432 
369 382 392 397 428 
380 384 412 415 424 
374 394 395 411 415 
376 381 401 430 435 
364 400 402 426 429 
394 411 412 420 424 
355 401 403 435 436 
375 385 398 431 433 
378 379 383 388 409 
348 390 398 422 433 
394 415 424 432 434 
399 420 424 434 437 
390 403 419 436 439 
381 396 409 430 432 
399 411 415 420 421 
329 333 351 391 406 
402 414 427 438 440 
366 392 402 426 438 
385 397 410 431 438 
400 408 414 437 441 
381 413 423 432 435 
385 417 428 433 438 
409 420 430 434 442 
398 417 419 431 439 
420 421 432 437 442 
401 413 416 430 436 
403 416 422 439 443 
421 429 434 441 442 
426 427 428 431 440 
422 433 436 438 443 
414 426 438 443 444 
429 437 440 442 444 
430 432 434 437 441 
426 436 439 440 444 
429 435 440 441 443 
