56.164158 69.189888 64.302689 63.623253 63.221153 
56.164158 59.852280 82.386581 69.197029 73.889145 
61.486740 76.704674 55.489929 97.676529 92.202545 
61.747467 85.418961 77.117714 58.081207 55.374901 
61.747467 74.712616 51.055626 78.417725 79.098816 
64.130829 58.975922 85.431801 76.587547 78.483368 
59.852280 57.590569 87.970734 57.263168 82.084709 
72.924469 66.873138 74.771286 54.492474 70.252327 
57.590569 87.629471 61.692818 76.114609 86.008453 
64.130829 86.003517 78.989143 59.354607 60.315231 
53.405273 67.129913 69.867744 77.116554 63.578960 
69.189888 72.105583 84.214394 58.477516 77.131935 
82.386581 87.970734 60.966423 83.456017 53.330994 
85.418953 74.712616 53.405273 74.830040 93.527847 
69.234131 79.631012 88.154129 55.425278 63.083004 
93.730011 78.420990 82.471123 60.507347 58.058304 
60.043327 61.612480 55.258247 82.857521 68.780731 
87.458755 86.516136 83.599510 55.914223 63.680336 
87.629456 54.467224 65.032692 70.128334 57.057617 
72.924469 60.043327 66.427475 57.095879 54.666531 
64.302689 69.197029 69.234131 69.130692 52.878250 
63.623253 72.105583 60.966419 72.106003 75.112427 
66.873138 61.612480 83.599503 66.427475 54.352692 
73.889145 61.692818 79.631012 54.467224 69.130692 
77.117706 78.420990 64.983696 53.580544 60.965519 
51.055626 61.235035 78.059525 65.035255 77.231224 
58.081207 78.417725 51.521286 69.064438 57.746555 
63.221153 84.214401 52.878250 63.420563 55.744331 
53.360809 75.754059 60.304245 53.017395 71.349945 
79.098808 67.129913 61.235035 55.316505 61.348289 
82.471123 63.785187 91.975296 81.426521 66.029526 
53.360809 71.257721 81.389603 57.041313 59.042259 
90.509567 65.032684 56.727409 61.594662 53.945927 
55.914223 54.352692 79.649681 79.969963 84.904999 
75.754066 71.257729 55.489258 72.379829 71.579758 
58.975922 61.511093 71.164436 73.032631 77.721497 
81.389603 55.913418 87.718185 55.096985 74.405533 
55.913422 76.404068 65.884460 66.516701 57.645264 
74.771286 55.381611 58.825520 58.120346 69.351776 
69.867744 74.830040 76.180908 79.655457 61.627350 
57.263168 83.456024 61.102272 55.082016 84.359436 
93.527840 60.507347 63.785187 88.326477 69.600601 
77.721642 57.095879 55.381611 64.797226 53.136246 
76.114609 70.128342 74.235657 70.618378 70.355408 
53.503998 89.721642 57.442955 63.536232 101.947495 
61.486740 80.794205 73.178741 62.867458 74.962387 
76.704674 59.339958 56.333748 61.109280 60.096657 
58.129150 62.735100 52.366890 84.374344 66.433548 
58.058304 64.983696 72.452774 82.390533 90.861839 
55.374901 53.580544 51.521286 90.965469 70.334167 
58.129150 78.821060 55.966061 64.449242 60.252823 
61.529617 61.120583 89.231407 67.275139 83.328682 
53.617931 90.941605 71.920853 57.779755 59.499706 
58.825520 67.966026 66.499039 55.485779 57.256817 
55.489929 81.328949 68.406143 73.155991 54.966820 
55.425278 55.935863 79.105743 76.936501 66.299652 
53.617931 56.350883 57.723953 72.087769 73.301865 
53.503998 66.620911 66.192184 56.036453 68.008652 
58.477520 61.064735 57.799183 89.126602 83.278488 
67.553535 61.509117 70.545624 54.184998 74.196281 
60.304245 70.004074 67.656204 70.495651 69.948364 
76.404068 74.816292 54.930740 60.905178 64.618973 
55.316505 59.583813 66.993423 69.439484 68.369347 
88.346893 72.105995 61.064735 87.891388 61.970581 
61.511086 66.620903 64.727753 53.319656 52.899376 
76.180908 69.600601 69.510559 57.005989 77.931961 
76.262444 61.795059 65.580971 82.984474 76.747101 
78.059532 69.064430 78.575653 54.574505 52.910789 
67.553535 83.164848 59.166786 60.850594 78.934761 
53.330997 75.112427 74.988312 86.804832 72.554474 
82.084709 61.102272 65.183212 70.873367 57.218391 
71.164436 64.727753 63.914455 54.370373 69.572456 
99.230026 57.799183 76.262444 54.578415 62.753914 
77.131935 63.420563 61.795063 64.119385 55.870262 
59.354607 55.258247 77.710426 61.171875 66.733505 
55.489258 87.718193 65.884460 84.797218 65.840034 
55.096985 66.516701 80.247902 75.536850 59.527950 
63.083000 56.727406 55.935860 57.653259 79.553558 
57.057617 61.594662 74.235649 62.210175 74.085144 
63.578960 59.583817 62.602539 79.822472 81.058533 
70.618378 65.183212 63.652470 67.204849 66.952652 
61.529613 92.753128 63.174847 71.029808 70.525612 
56.350883 54.930740 75.536842 76.590553 67.504829 
71.920853 57.723953 65.580971 59.971664 53.953819 
61.120583 80.608101 75.382507 69.483154 69.840752 
59.339962 68.406143 63.497158 77.794769 66.067688 
58.120346 64.797226 67.966026 64.835236 68.471344 
75.036690 71.951782 61.693497 56.770699 88.583725 
56.333752 63.497158 61.217075 78.069893 69.582466 
65.035263 53.744335 58.561806 61.660675 66.749947 
62.735092 89.831245 70.292229 65.111618 129.168640 
80.794205 61.109280 59.511253 73.555939 67.581192 
60.965519 72.452774 78.933685 64.904251 73.667801 
53.017395 57.041309 68.779388 74.908737 74.199738 
75.690796 81.720490 65.558044 77.909485 65.145271 
79.105743 57.653263 58.788692 64.607071 59.029682 
54.666531 79.302979 78.323013 59.319176 70.071106 
70.355408 62.210175 64.855080 58.107155 82.094528 
75.690796 63.140823 86.504189 64.752396 71.834457 
69.510559 78.419540 63.928593 66.470016 68.429199 
54.492477 79.649681 57.175003 58.851524 83.294014 
59.042259 74.405525 79.462975 60.154881 67.183655 
71.349937 72.379829 70.004074 58.094765 64.874924 
81.426521 63.610229 86.390266 62.946976 60.945824 
80.608093 58.522842 67.207626 53.982086 66.161263 
70.252327 69.351768 57.175003 62.483894 73.485619 
67.656204 66.591896 71.528137 77.470024 60.372547 
60.315231 73.032631 77.710426 56.756081 76.404099 
63.610233 71.675323 62.459293 67.213120 55.011990 
76.587540 63.914452 61.446693 79.064331 70.201576 
79.655457 62.602539 63.012619 69.490509 56.604137 
70.873367 63.652473 61.090057 56.141754 61.996307 
66.029526 78.419533 73.575058 57.647606 70.255768 
61.509117 83.164856 67.491585 54.891052 67.486145 
95.478256 58.522842 58.056908 60.199951 69.416466 
76.936501 58.788696 56.579056 61.772846 62.908230 
78.821060 59.166782 77.273460 95.086327 61.244976 
66.499039 56.579056 78.347511 52.075733 63.910843 
81.720482 67.207626 58.056908 57.595779 94.164490 
71.675331 57.473743 75.733322 58.554161 52.752686 
57.645264 60.905182 65.500206 69.854385 83.320427 
57.473747 63.185516 86.973206 61.181229 61.837345 
70.334167 89.896271 65.823891 62.867607 80.884468 
63.185513 58.884697 62.858768 73.584396 68.836617 
70.545624 67.491585 58.884701 71.160614 64.676041 
61.627350 57.005989 63.012623 76.932640 82.072105 
67.204849 61.090061 71.384499 54.981010 66.498528 
78.483368 63.680332 79.969963 61.446693 74.859322 
88.342957 55.082016 71.226730 58.197678 71.452980 
57.746559 92.837563 54.574509 56.141754 71.384499 
73.178741 73.155983 63.165306 59.314735 73.484253 
57.779755 72.087761 56.333817 80.430008 80.113342 
55.485779 78.347511 63.107811 55.874348 63.702854 
73.301865 76.590553 59.971664 70.292397 57.803825 
63.174843 75.382507 53.212406 86.360062 54.850166 
52.366890 100.764435 70.292229 130.298782 66.333817 
97.730225 55.744328 64.119385 55.281464 62.755142 
61.348289 66.993431 53.744335 77.217682 53.558800 
54.966820 77.794769 89.322578 65.263199 69.539001 
78.933685 65.823891 57.991409 55.502235 86.562515 
53.945930 79.553558 56.220619 73.683411 65.697304 
54.184998 60.850601 84.989395 50.943317 56.257896 
63.140823 64.321274 62.102722 88.863480 78.888603 
53.136246 64.835236 78.323013 54.212357 70.586273 
66.192184 54.370373 53.549580 62.562439 71.843307 
64.321274 68.675934 81.668076 85.426346 56.802803 
78.934761 54.891052 91.765091 79.721825 67.577164 
66.952652 64.855080 54.981010 72.317856 64.949768 
69.632408 67.818047 55.133434 80.747658 59.982830 
75.349541 62.858772 71.160614 60.750099 69.646072 
69.439484 69.632408 71.570877 63.599358 60.121872 
83.438866 63.107811 52.717388 51.109722 81.877708 
74.988304 71.226730 53.420448 69.480812 68.138359 
68.369347 71.570877 56.239220 69.105011 61.909992 
70.495644 68.779388 61.712891 76.606140 67.509277 
55.966064 77.273460 91.765091 65.649994 82.218918 
62.459293 75.733322 78.392120 60.837543 65.025848 
68.780731 61.171875 59.319176 72.835899 79.990486 
73.584396 81.865639 53.186321 61.728661 71.440529 
56.036449 53.319656 70.032501 54.078022 70.868240 
59.499710 54.578411 80.628845 81.077240 55.713562 
62.946976 67.213120 58.554161 75.840546 77.863365 
84.359428 57.218388 61.996304 62.867599 56.174942 
66.299660 55.281464 52.717384 92.286133 71.864510 
82.375763 57.256817 62.483898 55.874348 56.271854 
77.231224 52.910789 58.561810 62.214397 75.753258 
67.275139 71.029808 122.278778 99.271149 78.480049 
68.471344 52.075733 60.944145 70.532410 75.003769 
57.442959 68.008659 65.810509 73.017059 72.518845 
60.945824 75.840546 64.719711 54.275776 61.742973 
60.096653 61.217075 59.511250 73.160477 56.228718 
84.374344 64.449234 65.111618 95.086334 95.885605 
62.867455 63.165306 60.437515 68.552216 69.669678 
63.536232 86.126251 58.393581 56.984161 84.665939 
75.036697 67.379265 76.844635 62.360325 66.605270 
66.067680 78.069893 55.906525 83.548340 59.549950 
62.102722 68.675934 67.818047 66.404327 58.099564 
66.433548 60.252823 66.333817 65.650002 95.885597 
64.904251 64.719711 80.572098 73.004288 82.148529 
63.928589 76.932632 59.314739 60.042297 75.176819 
64.618973 65.500206 56.333817 74.980591 73.904556 
64.607071 61.772846 50.559738 55.192619 69.879875 
61.970581 71.334778 83.579636 51.797043 82.296135 
74.085144 56.220619 68.858208 74.116364 73.960487 
84.905006 89.923927 74.859322 66.237000 55.915352 
55.870266 62.755142 61.605049 82.898621 55.717331 
65.558044 86.504181 81.668076 58.972969 65.298294 
69.483154 53.982086 53.212402 62.492577 77.051056 
55.011990 57.647610 78.392120 55.974289 69.120026 
52.752686 61.181229 78.671967 62.025154 55.610718 
69.948372 66.591896 65.295967 73.503891 60.748371 
62.753914 81.077240 61.475616 81.095581 71.936401 
99.797501 64.752388 60.199951 69.731865 99.296440 
60.837543 53.186321 80.520126 89.483353 73.728142 
77.721497 52.899380 70.032501 55.039780 62.049435 
71.528145 67.379265 70.116470 65.339874 52.981148 
69.490509 56.239216 78.882706 60.694008 64.480064 
61.693501 65.295967 70.116478 66.438255 69.888557 
71.579758 84.797211 58.094765 60.780914 71.150940 
59.527946 67.504829 90.347946 59.819595 55.887619 
80.685738 65.840027 69.854385 80.618095 83.548042 
77.217682 55.133434 63.599358 73.152054 55.040550 
80.884476 58.197678 57.991409 56.174942 57.032402 
62.908234 63.910843 60.944145 50.559738 55.263298 
60.121868 69.105011 53.726845 57.805359 66.654976 
53.953819 70.292397 61.605049 62.493587 68.374008 
56.770699 76.844635 88.964966 57.537666 60.934059 
74.962379 73.555946 60.437511 67.162476 64.287598 
80.430008 55.713562 70.979141 79.432739 61.879532 
83.328690 69.840752 86.360054 62.492577 61.710640 
73.667801 55.502235 80.572098 64.661209 68.210861 
73.484253 65.263206 74.691772 62.400513 64.505188 
66.470016 70.255768 55.974289 72.800407 74.305458 
60.372551 61.712887 65.339874 101.016403 64.471443 
74.196281 50.943317 60.750099 58.909431 74.803490 
58.107151 68.858200 63.426224 68.411987 60.781551 
72.554474 53.420448 71.334778 55.844269 54.789200 
66.498528 72.317856 77.359070 65.769913 57.956532 
81.030556 53.549583 65.810509 71.489502 56.407768 
59.029678 73.683411 55.192619 67.393524 79.146561 
61.837349 68.836617 62.025154 91.487198 70.007919 
85.426338 83.118469 53.726841 80.198196 58.627373 
67.486145 64.676041 62.879372 82.731339 85.086845 
71.452980 69.480804 57.032402 78.363014 60.125912 
83.278496 83.579636 61.475613 61.551910 61.596836 
86.264549 64.874916 73.503891 90.064804 73.730301 
58.851524 66.237000 91.443840 88.713852 70.312851 
90.102364 56.756084 55.039780 89.919189 63.571045 
69.572456 79.064331 62.562439 73.445084 62.733139 
83.989815 61.244976 79.721825 82.218925 58.610058 
66.733505 76.404099 72.835892 81.352921 73.870651 
89.218552 60.154884 67.271362 79.087677 76.615921 
77.909477 109.271202 57.595783 72.273430 70.238518 
70.756836 54.212357 70.532410 68.127930 74.935593 
61.660675 62.214401 61.655521 68.557762 64.287941 
67.581192 73.160477 67.162476 86.213219 72.140511 
66.749947 53.558796 73.152054 61.655525 60.579506 
56.604137 68.552216 64.168144 56.420273 63.840504 
82.515350 56.228714 86.213226 72.032768 53.441212 
70.525612 54.850166 78.480057 90.668152 61.710640 
65.145279 58.972969 72.273430 88.017532 98.400200 
54.078018 58.393585 91.912674 63.272278 73.492264 
51.109722 71.864510 65.122574 76.642220 76.337402 
71.834457 91.764778 69.731865 88.017532 78.300156 
88.579727 55.915352 81.352921 78.187401 80.462860 
79.990486 92.005249 73.870651 78.187401 54.707314 
70.071106 89.725327 88.713860 54.707314 56.930206 
79.524025 59.819595 62.379696 74.037613 60.059185 
56.802803 65.298294 80.198204 87.349838 74.946777 
64.949768 63.426224 77.359070 67.476791 62.272186 
83.956551 61.728653 62.879372 58.721764 56.097603 
61.909992 57.805363 86.480789 53.707664 61.978539 
83.294014 73.485611 70.312851 77.702850 80.978668 
59.982834 66.404327 55.040550 91.125679 63.935547 
74.908737 76.606140 55.075912 76.590523 76.081375 
81.860138 56.271854 77.702850 67.407425 61.593513 
66.161255 69.416458 94.164490 77.051064 70.238518 
56.257896 67.577164 58.909428 82.731339 58.610062 
74.199745 67.183662 67.271362 55.075912 84.664665 
70.201576 63.571045 73.445084 89.775009 80.462860 
69.582466 55.906525 72.032768 68.889824 66.261841 
73.017059 56.984158 75.490158 56.664856 67.030464 
63.702858 65.122581 67.407425 74.503922 56.297318 
78.888603 58.099567 78.300156 87.349838 63.397533 
75.003769 55.263298 64.694397 55.458019 70.189056 
54.275780 73.004288 53.439552 77.434715 53.860909 
80.113342 74.980591 70.979141 63.839317 54.981049 
61.742973 53.439552 71.121597 75.591537 62.240921 
69.539001 74.691772 66.504570 71.969559 64.076385 
71.440529 80.520126 58.721760 90.809822 55.293221 
83.320435 73.904556 80.618103 92.492813 58.063751 
70.586273 68.127937 56.930206 80.978661 84.690193 
60.748375 66.438255 70.035683 94.815636 91.130722 
68.429192 60.042297 66.279900 63.269463 63.863285 
65.697311 74.116364 67.393524 66.519440 54.500698 
51.797043 55.844265 74.108002 57.904640 73.013695 
57.803825 62.379696 51.127937 66.002190 69.736221 
62.360325 52.981144 101.016403 67.514442 63.058361 
65.025848 78.447952 62.624523 76.340508 86.311615 
69.888557 57.537663 70.035690 74.637993 60.349350 
85.992554 60.780910 73.730309 61.011864 61.654068 
65.769913 68.557762 60.693851 54.304260 66.910385 
71.150940 83.548035 61.011864 64.427216 76.236755 
60.694008 53.707664 58.576370 77.063583 61.765350 
64.480064 64.168137 58.576370 78.165863 67.638023 
55.887615 79.087677 74.037613 85.650780 86.050064 
89.426109 55.610718 71.121597 68.914261 64.977928 
70.868240 62.049435 71.489494 62.733139 63.272282 
69.646072 74.803490 70.007919 85.086853 56.097603 
62.493591 51.127937 63.648685 53.527386 69.328041 
62.400509 66.279900 59.073868 58.436687 65.810150 
66.605270 60.934055 74.637993 62.657425 55.901619 
72.518852 56.407768 75.490158 90.716599 70.711792 
55.717331 68.374016 63.648689 73.833870 73.757828 
69.669678 56.420277 58.806801 67.411293 61.186268 
64.661209 71.214203 68.261223 53.383858 53.182156 
81.095581 79.432739 56.759380 67.683228 64.268646 
59.549950 68.889824 66.504570 75.958809 55.722992 
71.936401 61.551910 56.759380 64.638176 58.796959 
72.800400 63.269463 79.478874 70.324478 63.056870 
61.596836 74.108002 64.638176 64.358467 61.922501 
68.138359 54.789200 63.229782 62.258350 59.273193 
73.960487 68.411987 57.357094 63.298363 65.708534 
69.879875 79.146561 64.694397 55.905205 54.642475 
75.360504 60.125912 71.214203 63.229778 52.288330 
66.654976 58.627373 61.978539 71.472031 74.587212 
69.120026 74.305466 62.624527 92.780518 70.604477 
67.509285 64.471443 102.107979 76.590523 94.815628 
73.728134 55.293221 76.340508 68.914261 79.863533 
76.081367 87.721466 61.654068 64.427223 60.249252 
76.615921 84.664658 76.236755 85.650772 60.249252 
68.210861 68.261223 71.857224 55.097126 74.462303 
63.840508 78.165871 58.806801 76.538788 73.082436 
60.579510 55.391449 96.627350 67.142166 74.761429 
53.441212 83.178307 61.491661 54.779770 64.859650 
74.935593 90.010559 84.690193 60.923584 63.900047 
85.367836 75.591545 58.778519 70.132736 55.239807 
64.505188 71.969559 59.073868 64.688515 74.821419 
63.935543 71.472031 100.058388 70.465904 79.205345 
64.287598 72.140511 66.335541 54.464691 70.233879 
87.655952 58.063751 86.050056 80.653854 59.123993 
61.879532 63.839314 67.683228 59.768261 68.493347 
60.781551 57.357094 65.283836 55.139572 63.541191 
57.956532 60.693851 56.291313 59.919170 75.433144 
89.459999 74.946785 63.397537 74.587212 70.465904 
62.240921 86.311615 64.977928 79.863541 58.778519 
84.665939 73.492264 56.664852 67.568787 110.031708 
69.052292 76.538788 68.755547 56.617458 77.461700 
83.000732 67.514435 62.657425 62.960804 54.065399 
88.360031 66.261841 75.958801 61.491661 66.937706 
63.863281 58.436687 68.755554 72.887817 59.585770 
60.059185 66.002190 80.653847 78.300346 58.687233 
63.058361 60.349350 62.960800 77.135498 62.054474 
61.593513 74.503922 60.923584 63.950817 79.601585 
85.810509 55.905205 77.082253 59.121765 61.324898 
55.391457 79.205338 61.750648 59.290977 98.713264 
66.519440 63.298363 51.095627 78.306953 55.384338 
89.005005 77.063583 76.956223 61.750641 54.046864 
101.038513 61.765350 67.638023 54.046860 64.561325 
88.748009 81.614174 64.561325 62.107361 55.521751 
76.337402 56.297318 63.950809 69.294395 90.660889 
62.272186 65.283844 56.291313 51.439491 61.121315 
57.904640 62.258350 73.292831 58.145775 55.551987 
70.324478 70.604477 70.132744 62.506855 61.029510 
54.981049 59.123993 78.300339 73.967506 65.855270 
64.287941 54.304260 86.286270 57.603867 57.200642 
55.458023 63.900047 51.154926 64.095520 85.030296 
53.860909 71.857224 68.209045 57.166027 77.766182 
73.833870 60.892365 53.437599 85.934090 58.727173 
115.517746 67.030464 70.711792 67.568787 61.789284 
91.729408 84.507866 55.901619 77.135498 58.521965 
64.076378 55.722996 80.155655 54.354691 104.390152 
53.527386 73.757828 72.936081 69.542458 55.282482 
69.736229 69.328041 58.687229 72.936081 63.047424 
53.383858 52.288330 61.638702 77.415108 57.479668 
89.768120 54.779770 66.335541 65.881073 60.587463 
70.189056 54.642479 77.082253 51.154926 57.066971 
53.182156 55.097126 61.638702 54.733356 68.861618 
73.013695 64.358459 65.491364 67.999863 72.917923 
73.082443 56.617458 62.107368 82.777565 80.188263 
58.796959 61.922501 65.491364 52.829346 84.071693 
90.866341 67.411293 54.464691 55.956200 75.581276 
63.056870 77.461693 62.506851 84.047806 70.792130 
66.910385 59.919170 57.603867 59.591141 72.643127 
54.500698 59.121765 51.095627 75.186646 61.439079 
67.142166 57.200642 61.586411 85.144379 88.669594 
64.688507 54.354691 73.373421 90.012070 55.857590 
59.768261 65.855270 63.047424 82.709236 54.663261 
74.761429 59.290977 58.969643 65.920471 74.089340 
61.186264 81.015640 72.887817 55.956200 71.824181 
65.810150 74.821419 59.585770 73.373428 50.834839 
64.268646 68.493347 82.709229 74.258980 53.215591 
55.139572 51.439491 59.250061 81.436844 61.796974 
88.921021 69.294395 60.892365 66.515717 89.891380 
55.239807 61.029507 84.047806 55.219639 89.203972 
59.273190 58.145775 64.553848 56.157532 53.559608 
65.708542 63.541191 78.306953 59.250061 71.795982 
69.542458 54.663261 74.258980 71.836838 75.928749 
53.437595 52.413292 57.429619 57.493179 69.389526 
61.324902 75.186646 81.050049 75.760239 67.671066 
55.551987 67.999863 64.553848 80.813141 60.774506 
55.521755 88.650879 58.969643 59.679966 52.024132 
85.934097 55.282482 71.836845 52.413292 53.858841 
55.384338 61.439083 81.050049 59.668137 63.230682 
85.481865 82.777573 70.792130 77.940109 62.228897 
70.233879 65.881073 75.581276 58.400101 75.664429 
79.601585 64.095520 87.682777 52.393112 55.480492 
94.112106 52.829350 53.215591 90.871361 82.984879 
64.859650 66.937714 60.587463 58.400105 90.418045 
74.462303 68.209045 54.733360 72.675140 56.938904 
54.065399 62.054474 97.539383 82.707787 64.278168 
105.550430 61.586411 65.920464 62.206833 52.803463 
152.053055 120.112946 95.645287 110.031708 61.789284 
58.727173 57.429619 73.467758 60.550369 82.064423 
90.660896 66.515717 52.393112 75.961937 65.736183 
72.917923 84.071686 80.813141 89.338783 70.945625 
80.188263 59.679966 77.940109 62.470081 77.359375 
57.166031 55.219639 83.908455 53.290794 93.652313 
71.795975 59.668137 80.279694 74.145294 56.738396 
75.433144 61.121315 77.609665 63.564556 54.493793 
77.415100 56.157536 55.650246 59.573761 81.926643 
59.591141 85.144379 68.545853 59.252075 70.813049 
57.479671 68.861618 60.468880 79.752914 73.761360 
85.030296 57.066975 75.760246 55.480492 75.961945 
82.958977 90.012070 71.824181 50.834839 58.496811 
109.402893 113.265465 58.521965 82.707787 71.185707 
55.857586 87.167465 75.664429 90.418045 58.496815 
95.428604 61.796978 63.564556 51.183834 80.548538 
57.493179 73.467758 88.900078 60.475349 83.377167 
74.089340 52.024132 62.206833 62.470085 80.957581 
67.671066 63.230682 76.650414 64.880547 59.674881 
89.891380 82.768814 65.736191 76.650414 56.373756 
53.559608 60.774506 55.650242 58.338554 91.607162 
72.643127 54.493793 68.545853 73.083565 75.177551 
60.550369 64.880547 56.373756 55.715942 54.660583 
90.354095 59.573765 60.468880 70.775551 60.504623 
89.203972 62.228897 83.908463 57.015709 81.576180 
75.928749 69.389526 53.858841 82.984886 88.900085 
77.766182 72.675140 53.290794 72.618286 59.706459 
82.064415 55.715942 66.132446 84.193947 61.553608 
74.145302 85.332596 61.446884 69.336906 57.882256 
56.938904 79.752914 72.618286 80.508621 68.634605 
89.031746 70.945618 60.475357 75.035156 92.165718 
56.738396 59.674881 54.660587 66.132446 61.446888 
95.288940 126.332642 111.264397 64.278168 71.185715 
59.252075 73.083565 77.142326 65.510681 66.061531 
88.669594 52.803459 70.813049 77.142326 82.645737 
102.394890 77.359375 80.957581 59.881462 64.526459 
88.413086 51.183834 75.177551 77.490356 73.142426 
85.784988 58.338554 75.035164 87.693336 76.077782 
100.383972 57.015709 59.881462 58.271408 94.074898 
83.377174 84.193947 87.693336 67.862961 67.539375 
93.652313 81.576187 59.706459 58.271408 84.972305 
61.553604 69.336899 67.862961 62.799179 65.526291 
81.926643 91.607155 70.775551 76.077782 89.849632 
73.761360 60.504623 80.508621 84.161102 86.462288 
57.882256 77.490356 62.799171 72.549500 79.000305 
65.510674 82.645729 64.526451 94.074898 93.316811 
68.634605 84.972305 84.161095 97.062698 64.810059 
86.901352 66.061531 93.316811 57.178589 69.086166 
73.142426 72.549500 101.537903 72.020332 54.544292 
96.287910 67.539375 65.526291 79.000305 72.020332 
110.089767 86.462288 64.810059 57.178593 60.960236 
102.006172 97.104622 69.086166 54.544292 60.960236 
