64.801003 -298.527008 -120.542999
38.536999 -252.018982 -120.164001
-1.374000 410.798004 -117.908997
3.481000 78.016998 -106.178001
-51.343998 97.333000 -106.196999
-97.590996 -853.702026 -105.706001
28.929998 -196.379013 -106.427994
-83.553001 -658.286987 -104.368004
-21.283998 -197.128998 -106.005997
-135.589005 -819.571960 -105.123001
-66.891998 178.483002 -104.437996
107.531006 -336.272003 -106.004997
100.148003 -211.334000 -106.004997
-19.983999 153.222000 -106.004997
-53.931999 -325.822998 -107.157997
73.444000 139.171005 -107.035004
-146.450989 -734.597046 -105.927994
-75.905006 -792.362000 -106.174995
-86.083000 -242.868011 -107.804001
-137.213013 -675.637024 -105.997002
2.249000 -294.315002 -111.110001
114.133003 -266.344025 -111.649994
-96.027000 -718.643005 -118.443001
-35.062000 -253.556992 -117.542000
61.918999 69.357002 -95.413002
-96.350998 81.115997 -90.558998
-24.778000 29.260000 -92.523003
28.087000 -336.334991 -93.935997
100.077003 -832.828003 -91.624001
-110.418999 139.236008 -92.432999
113.393997 203.399002 -91.435997
79.084999 -783.809021 -92.019997
-122.566002 -285.128998 -88.862000
-58.433998 -745.093994 -92.171997
141.315002 -776.874023 -91.686005
-130.857010 -895.692993 -92.019997
86.383995 -705.173035 -91.907997
127.224998 -674.518982 -92.037994
-96.005997 -589.614990 -92.007004
-18.302999 223.158005 -90.576996
57.473000 -154.686005 -85.500000
58.085999 192.852997 -103.090004
-137.705002 -620.291992 -92.031998
-83.290001 -175.675003 -91.229996
-102.868996 -1056.781982 -89.396996
-25.397999 375.726013 -83.541000
-18.839001 465.855988 -88.044006
724.083008 233.746002 -85.372002
113.076004 108.397995 -91.422997
25.830000 31.998999 -90.034004
671.512024 224.308990 -75.112999
-712.856995 243.489990 -78.043999
125.586998 -496.576996 -76.159996
-85.903000 -535.435974 -77.421005
30.429001 412.546997 -79.318001
-68.883003 -368.797974 -80.801003
90.612999 -534.695007 -78.313995
-95.650002 -1007.576965 -81.642998
157.488007 -349.744995 -82.875000
483.779022 195.485001 -78.142006
114.959999 -887.287964 -78.667000
119.459000 -601.997009 -78.033997
-135.465988 181.541992 -75.960999
167.065994 -293.541992 -75.984001
-123.363998 -953.016968 -77.945999
44.907001 252.891006 -80.302002
86.081993 -420.721008 -78.056999
-81.371002 9.245000 -78.431000
550.481995 201.917999 -78.052994
142.960999 -209.860001 -79.522995
3.993000 -127.349007 -76.710999
-75.667999 -923.664001 -78.033997
155.463989 -406.434998 -72.818001
57.777000 -377.915009 -72.743996
-162.097000 -774.959961 -78.073997
157.418991 -727.020020 -80.407997
73.825996 -656.997986 -74.334000
-109.108002 -335.294983 -90.506004
-128.578003 -225.225998 -79.816002
-95.650002 223.149994 -87.102005
-54.054001 -115.431000 -73.599998
-726.286011 191.919998 -66.673004
69.118996 -584.356018 -71.028999
70.326004 -482.059998 -74.750999
-653.039978 237.685989 -72.723000
29.709000 474.303009 -77.000999
-137.386993 -557.278992 -77.109001
113.903000 -1039.355957 -63.762001
-12.729000 510.464020 -63.210003
-142.125000 76.289993 -53.594997
743.050964 190.941010 -52.777000
-57.255997 434.246002 -63.176998
103.774002 40.793999 -67.212997
58.947998 -820.893005 -63.098000
-459.273010 228.781998 -64.048996
-135.996002 -373.108002 -61.445000
-164.842987 -675.943970 -64.203003
-130.606003 -168.445007 -64.048996
-431.302002 174.610001 -64.048996
86.115005 277.947021 -48.806999
-53.693001 -673.041992 -64.048996
54.195999 -741.851990 -64.048996
155.037003 -837.171997 -63.137001
170.535995 166.825989 -64.166000
-585.143005 204.531998 -64.048996
-54.174999 -615.929993 -63.161999
98.936996 -946.213013 -64.517998
-158.789001 -850.148010 -63.892998
207.612000 211.903000 -63.579002
-62.483002 -872.900024 -63.859001
-67.178001 269.201019 -65.860001
-25.000000 -70.546997 -64.048996
143.272995 237.188995 -64.625999
491.742004 243.589996 -64.048996
-529.200989 188.582001 -64.048996
-110.334999 -422.957001 -64.188004
603.627014 203.279999 -64.048996
-108.809998 -479.433014 -62.428001
-539.833008 237.511002 -63.854000
266.626007 179.029999 -65.265999
155.707993 -642.737000 -64.044998
323.915985 179.979004 -64.048996
44.285000 -28.448000 -68.575005
386.640991 186.889999 -63.785999
429.123016 224.764999 -65.056999
-5.866000 268.598999 -70.579002
-83.736000 -67.920998 -64.195999
-53.693001 -812.096985 -64.433998
100.220001 -133.931992 -64.266998
-39.308998 -20.835999 -78.576996
16.271000 354.588989 -53.629002
150.223999 -537.591003 -58.285000
-51.484997 -506.063995 -50.820999
41.862999 -523.904053 -51.621998
-673.417969 186.806000 -50.122002
751.481995 246.600006 -45.056999
9.023000 -352.003021 -49.916000
-157.759003 125.364006 -57.952003
67.891998 432.931976 -50.063000
96.789001 -29.514999 -47.823997
-157.697998 -294.315002 -50.063000
519.713989 173.474991 -50.063000
-372.220001 167.220001 -50.321999
-158.750000 -601.997009 -50.063000
-72.701996 -965.619995 -50.063000
-333.364014 207.953003 -49.500000
539.953979 248.518005 -50.009003
-111.262001 -111.459999 -51.096996
-261.130005 167.207001 -50.063000
435.799988 163.981003 -50.063000
-198.501999 180.944000 -51.348000
-39.599003 -444.751007 -50.009998
156.013992 -154.272003 -36.958000
-160.518005 237.126999 -49.926003
65.858002 -885.658020 -50.103001
631.598022 249.294998 -50.063000
253.971008 236.716003 -49.552002
-165.582001 -732.595032 -50.036999
358.358002 236.983002 -49.462002
-133.169998 -993.640991 -50.053997
157.097992 -459.123993 -63.589001
224.061005 152.817993 -50.391998
30.219999 -84.531998 -59.424999
-22.268999 -395.566986 -51.172001
-45.970997 -557.707031 -53.105999
-123.196999 24.017000 -51.336002
-751.723999 233.531998 -35.840000
-146.243011 -509.203979 -44.197002
-74.052994 -1057.100952 -46.774998
170.880997 112.342995 -38.188000
-55.124001 487.621979 -49.069000
686.573975 194.387009 -36.641003
-30.322001 342.128998 -35.805000
-136.796997 -1063.006958 -41.743000
75.223000 -1063.765015 -30.725000
50.815002 510.282990 -28.590000
-318.566010 152.408997 -39.445004
692.742981 247.996002 -36.286999
147.210999 64.320999 -37.877003
35.025002 306.924988 -36.809002
159.968002 -588.011047 -36.077999
-160.614990 -408.604004 -35.557003
184.998001 -264.074005 -37.787998
-163.634003 -245.018997 -34.959000
-57.000000 -755.837036 -36.077999
28.775999 -398.422974 -34.847000
-401.899994 237.684998 -36.178001
-627.099976 205.114014 -36.077999
187.563004 253.713989 -38.892998
295.944977 148.980011 -36.077999
142.089996 -930.464966 -36.426998
193.566986 -396.950989 -35.862000
-482.360016 167.459991 -36.040001
308.117004 241.597992 -36.068996
-144.145996 -932.648010 -36.038002
78.239998 -997.286987 -35.856003
-123.621002 273.466003 -36.077999
129.008987 -993.484009 -37.969997
166.906006 -792.321960 -36.198002
51.028999 -629.968018 -36.077999
169.561005 -690.083008 -36.230999
-221.440994 137.106003 -37.471001
84.997993 -84.591003 -48.710999
-151.819000 -458.092987 -36.876999
-224.009003 224.048004 -36.459000
40.243000 -458.743988 -38.553001
135.451004 -1071.281982 -29.840000
-63.545002 383.007996 -20.549999
177.674988 -481.460999 -22.683001
-669.866028 234.265991 -21.765999
130.700012 -5.510000 -18.863001
70.221001 379.999023 -21.872999
142.104004 274.791992 -22.091999
68.373001 -937.648987 -22.091999
477.757019 174.731003 -22.091999
-163.084000 -182.431000 -22.091999
179.266998 -196.416000 -22.091999
-128.736008 -56.825001 -22.647001
-72.417999 -1007.576965 -22.091999
-173.783997 -358.774017 -22.059000
351.886993 158.268005 -22.091999
-271.977997 229.591995 -22.357000
449.786011 244.779999 -22.091999
128.080994 -98.679001 -22.046000
202.360001 -341.127991 -21.587999
157.306992 -867.791016 -20.600000
-66.756004 -696.615967 -21.393999
-143.740997 -881.707031 -22.091999
-80.054001 -924.274048 -20.739000
575.656006 217.357986 -22.091999
-151.246002 -792.171021 -22.492001
55.059002 -710.404968 -22.112999
-509.163971 244.500992 -22.280001
-158.074005 -560.372986 -16.799999
-158.769989 45.800999 -12.113000
-80.085999 440.903015 -7.983000
-178.125000 102.117004 -16.368000
-52.733997 291.980011 -21.743000
-51.292999 515.687988 -3.329000
-708.817017 199.423004 -13.764000
-445.287994 240.733002 -8.107000
-131.878998 -1021.563049 -8.107000
-11.737000 -445.609985 -8.107000
-419.097992 167.464996 -8.639999
-95.650002 -778.653992 -8.107000
-138.806992 -726.540039 -7.178000
-139.959000 -671.850037 -6.647000
48.410000 -581.098022 -6.991000
-347.389008 233.134995 -8.107000
-143.996994 -126.488998 -8.107000
393.843994 230.196991 -8.107000
-194.962997 255.066010 -8.427000
-70.462006 -628.284973 -8.145000
-263.476013 135.134003 -8.107000
65.955002 -830.262024 -8.505000
-55.931000 -560.168030 -0.716000
-557.171997 209.163986 -14.976999
519.713989 209.163986 -13.815000
58.191002 -776.816040 -15.763000
-96.070999 -858.958008 -13.110000
9.368999 529.572998 -3.340000
-112.517998 -1075.680054 1.784000
-39.880001 -499.104004 2.933000
-342.356995 167.328003 6.097000
-163.970001 -482.957977 6.969000
173.218994 92.198997 8.785000
162.575012 -538.190002 7.316000
206.732010 130.649994 4.193000
79.800003 446.781982 4.584000
342.906006 229.791992 4.993000
150.186005 -636.578003 5.540000
-135.845001 -616.603943 3.414000
132.243011 -965.619995 5.879000
58.191002 281.836975 5.879000
-181.042999 -300.592987 3.649000
192.069000 -240.099991 5.749000
46.144001 -522.781006 5.462000
68.044998 -1022.537964 6.595000
240.153000 242.777008 5.839000
131.339005 -1035.547974 5.879000
145.639999 -809.731018 5.753000
-141.677002 -14.604000 5.879000
149.549011 -748.844971 5.879000
-151.860001 279.289978 9.089000
-95.650002 281.807007 5.879000
71.438995 -643.750000 7.480000
266.739014 153.126999 5.642000
-109.635002 -965.619995 -1.381000
407.828979 181.192993 -1.294000
45.882999 -473.117004 13.534000
54.617001 341.502991 14.041000
106.063004 -1080.797974 17.162998
-72.508003 -1040.303955 23.101000
27.926001 -420.417999 14.938000
-46.473999 320.859985 19.734001
140.934998 -42.982002 20.525000
193.908005 -428.914001 19.747000
56.953999 501.003021 24.518000
202.387009 -372.852997 19.947001
100.080002 251.949997 20.417999
202.490997 -308.299988 19.864000
180.919006 -168.445007 19.864000
-172.979996 -219.445999 19.240000
-176.466995 -422.964996 20.117001
155.442993 -111.212997 24.046000
-235.505005 228.088013 19.864000
184.061005 255.253998 19.864000
84.667999 -897.447998 7.073000
294.703979 209.070999 18.060001
100.422005 -777.395996 13.009000
99.959999 -717.301025 17.283001
150.553009 22.914000 28.427000
-29.534000 269.725006 30.091002
-165.763000 113.852005 36.564999
-45.540001 505.802979 48.846001
-121.090004 -547.033020 39.870998
175.248993 167.207001 33.849998
69.586998 390.976013 33.849998
-242.300003 166.270004 34.764000
-72.543999 404.960999 33.849998
123.658005 -601.997009 33.849998
170.137009 -483.652008 35.572998
-159.686005 -168.445007 33.849998
-135.652008 -58.768002 33.965000
-300.802002 195.242004 25.280001
226.016998 181.192993 30.125000
-147.041000 -1070.484985 40.692001
30.164999 243.559006 45.154003
63.028999 -1064.385010 49.435001
2.209000 521.226990 60.067001
30.750999 306.982025 51.660999
72.183998 -560.059998 41.473999
100.148003 -1026.410034 47.835999
-67.964005 -528.748962 47.862999
-178.395996 -377.726990 47.467999
-164.294998 165.817001 45.988003
-174.550003 -275.378998 48.091003
-165.307007 222.622009 47.835999
-124.097000 251.026001 47.809998
-69.606995 217.675003 51.743000
-31.819000 -476.126984 47.835999
-137.574997 -112.902000 47.731998
184.926010 -213.946991 49.281002
141.976990 218.169006 47.841000
128.712997 -550.248047 44.917000
-145.886002 26.250999 35.125000
-141.325989 -494.437988 51.318001
157.567993 81.228004 57.540001
12.987000 -372.016998 61.039001
-99.984001 -1078.463013 60.188000
135.791000 -1084.342041 59.739002
65.862000 459.175995 57.663998
59.194000 -449.410004 56.919998
79.264000 -506.692993 53.250999
148.615005 -76.008003 61.285999
-64.847000 460.903992 61.820999
-158.469009 -448.156006 61.820999
145.675995 -14.604000 61.820999
185.542999 -277.756989 63.757999
-11.455000 214.856995 61.318001
189.050003 -340.968994 61.737999
-59.314003 363.005005 61.820999
85.366005 207.692993 60.336002
-124.447006 -14.688000 64.176003
-180.059006 -325.919006 49.067001
-142.908005 63.671997 72.209000
50.493999 416.756012 81.848999
129.658997 -493.584015 68.843002
-127.803001 147.945999 81.160004
-25.722000 324.642975 75.806999
53.373001 349.018982 75.806999
168.384995 -428.927002 74.979996
-133.966995 -155.028992 76.619995
-17.293001 -419.723999 75.804001
142.083008 167.154999 75.792999
167.932007 -167.721008 75.096001
-150.104996 -211.967010 74.066002
114.295998 -447.481995 89.264000
49.245998 -353.572021 90.738998
-153.106003 -373.528015 92.390999
159.860992 -223.220001 92.267998
-82.073006 178.212006 84.797005
60.635002 -404.539001 88.394005
-152.548996 -292.690002 90.816994
40.545002 171.932999 89.430000
-39.862000 418.947021 89.907997
-97.127998 -478.539001 89.320000
166.312988 -378.037994 88.055000
-25.198999 474.074982 89.792000
142.057999 27.596001 90.737999
79.582001 -1055.629028 98.010002
-120.169998 95.917000 117.908997
-81.584000 -1074.703003 108.422005
2.249000 -338.773987 103.778000
-67.679001 -440.458008 103.778000
141.626999 -295.188995 103.017006
-30.837000 154.751999 103.473000
140.336014 117.764000 93.781998
-123.210999 -252.357986 103.778000
-110.933998 -82.904999 92.295998
141.997986 -131.776001 103.835999
-96.004997 13.027000 103.537003
133.891998 -49.195000 103.834000
-122.749001 -433.335999 101.216003
16.123001 349.182983 109.570999
134.893997 -1090.631958 117.418999
15.626000 404.998993 116.554001
-96.141006 -136.511002 117.763000
57.615002 -307.848999 117.650002
-82.835999 137.544998 117.133995
-113.776001 -328.311005 118.702003
-66.451996 -376.661011 118.190994
139.787994 -182.394989 115.875000
-84.693001 -41.577000 116.233002
-52.308998 -322.890015 120.894997
114.834999 -98.529007 132.568008
72.259003 145.126007 118.378998
100.148003 -378.227997 107.488998
134.240005 78.417000 128.413010
-25.473000 -281.583984 137.173004
-80.700005 -220.076996 132.444992
115.424995 13.346000 133.697006
98.152000 -268.313995 122.753998
-81.664001 -280.328979 122.437996
72.552002 -1091.439941 138.895996
-54.157997 6.777000 144.420990
-99.653000 60.439999 147.425003
-17.116999 113.534004 147.057999
-66.522003 -105.497002 144.209991
100.492004 -209.609009 144.261993
42.334000 112.273003 151.878006
30.219999 -248.955002 155.903000
94.820999 91.374001 161.464005
-26.898001 -225.635010 159.720001
87.273003 -142.036011 159.862000
92.559006 -52.764000 160.449997
-54.085003 -179.315994 154.733994
-26.690001 55.589001 167.184998
59.962002 19.639000 168.985992
-24.817999 -30.545000 173.583008
-11.603000 -129.449997 173.623001
16.627001 -192.223999 173.792999
29.835001 -28.890001 189.394989
15.564000 -85.585999 181.654999
