0
5
13
22
28
32
35
36
37
39
41
42
43
46
47
48
49
57
60
65
110
120
177
182
216
226
228
231
232
237
240
242
244
246
262
265
269
279
280
290
364
367
375
396
451
452
454
463
481
498
499
502
504
520
525
527
532
551
568
571
575
578
581
583
585
589
598
608
610
612
635
650
651
657
672
674
677
704
766
810
813
857
858
869
874
903
918
927
936
937
944
955
964
1004
1005
1006
1020
1023
1026
1030
1040
1042
1054
1055
1072
1085
1087
1096
1099
1110
1118
1122
1127
1128
1131
1138
1153
1155
1157
1159
1171
1176
1183
1190
1197
1201
1314
1325
1339
1422
1473
1492
1543
1559
1565
1574
1579
1601
1611
1627
1645
1651
1656
1668
1684
1687
1693
1699
1716
1723
1731
1738
1741
1758
1775
1783
1803
1807
1809
1813
1837
1882
1911
1978
2018
2026
2044
2045
2051
2052
2064
2098
2105
2111
2121
2143
2155
2158
2161
2163
2177
2178
2187
2193
2197
2201
2202
2210
2218
2229
2252
2258
2305
2309
2312
2314
2335
2348
2361
2384
2389
2397
2423
2462
2470
2487
2518
2533
2551
2581
2602
2604
2626
2633
2637
2640
2661
2674
2679
2683
2684
2696
2698
2703
2716
2729
2743
2753
2781
2793
2796
2810
2818
2921
2925
2932
2938
2952
3023
3031
3064
3070
3074
3081
3088
3102
3110
3117
3128
3148
3165
3176
3184
3187
3190
3205
3261
3277
3318
3323
3347
3356
3372
3410
3415
3432
3436
3441
3443
3457
3465
3480
3494
3503
3508
3513
3514
3524
3531
3554
3573
3577
3578
3580
3586
3587
3595
3598
3656
3721
3731
3747
3753
3785
3786
3810
3811
3815
3835
3842
3849
3866
3868
3873
3882
3884
3896
3966
3971
4005
4016
4050
4066
4083
4090
4098
4112
4113
4130
4143
4146
4183
4187
4202
4229
4238
4304
4308
4337
4341
4351
4380
4395
4398
4401
4403
4413
4415
4424
4435
4445
4460
4461
4517
4541
4554
4558
4562
4564
4567
4569
4580
4594
4596
4641
4649
4656
4670
4673
4674
4688
4705
4708
4715
4736
4808
4822
4829
4844
4845
4870
4888
4893
4899
4912
4915
4936
4975
4988
5008
5018
5030
5031
5033
5038
5040
5053
5054
5059
5071
5130
5166
5171
5208
5214
5217
5222
5226
5227
5235
5236
5239
5240
5255
5339
5356
5360
5376
5377
5381
5382
5384
5387
5388
5393
5401
5435
5444
5514
5518
5528
5531
5540
5551
5591
5609
5610
5633
5654
5657
5674
5678
5679
5693
5695
5698
5731
5739
5742
5778
5780
5804
5832
5849
